snapshot_id,altitude,heading,latitude,longitude,radar_id,speed,squawk
1614535538,0,332,32.83392,-115.57403,42007,72,0000
1614535544,0,333,32.83571,-115.57518,42007,77,0000
1614535550,0,333,32.83768,-115.57634,42007,76,0000
1614535558,0,333,32.84000,-115.57774,42007,72,0000
1614535564,75,335,32.84180,-115.57875,42007,71,0000
1614535570,175,336,32.84367,-115.57970,42007,72,0000
1614535588,350,44,32.84999,-115.57837,42007,89,4672
1614535597,500,82,32.85150,-115.57408,42007,96,4672
1614535604,600,105,32.85118,-115.57085,42007,102,4672
1614535607,625,115,32.85056,-115.56905,42007,107,4672
1614535609,650,121,32.84985,-115.56766,42007,111,4672
1614535613,675,129,32.84893,-115.56619,42007,115,4672
1614535619,725,142,32.84633,-115.56337,42007,124,4672
1614535622,750,146,32.84486,-115.56222,42007,126,4672
1614535625,800,151,32.84331,-115.56117,42007,127,4672
1614535628,850,153,32.84172,-115.56020,42007,126,4672
1614535631,925,155,32.84009,-115.55930,42007,126,4672
1614535637,1075,155,32.83662,-115.55739,42007,128,4672
1614535640,1125,157,32.83498,-115.55656,42007,129,4672
1614535644,1200,159,32.83319,-115.55574,42007,128,4672
1614535653,1425,163,32.82829,-115.55387,42007,125,4672
1614535658,1575,166,32.82481,-115.55277,42007,125,4672
1614535662,1650,167,32.82291,-115.55224,42007,126,4672
1614535665,1725,168,32.82115,-115.55178,42007,125,4672
1614535668,1800,168,32.81946,-115.55140,42007,124,4672
1614535671,1850,168,32.81760,-115.55095,42007,123,4672
1614535674,1900,168,32.81598,-115.55052,42007,124,4672
1614535680,1950,168,32.81241,-115.54970,42007,126,4672
1614535686,1975,169,32.80879,-115.54887,42007,130,4672
1614535693,2050,170,32.80513,-115.54809,42007,131,4672
1614535702,2200,172,32.79959,-115.54711,42007,133,4672
1614535705,2250,173,32.79759,-115.54680,42007,131,4672
1614535708,2300,173,32.79593,-115.54662,42007,131,4672
1614535717,2475,176,32.79025,-115.54613,42007,130,4672
1614535724,2600,182,32.78632,-115.54607,42007,131,4672
1614535727,2650,184,32.78453,-115.54623,42007,132,4672
1614535730,2700,187,32.78274,-115.54646,42007,133,4672
1614535732,2750,189,32.78087,-115.54678,42007,133,4672
1614535739,2825,192,32.77721,-115.54761,42007,133,4672
1614535741,2875,193,32.77537,-115.54816,42007,133,4672
1614535745,2925,196,32.77343,-115.54876,42007,133,4672
1614535753,3050,196,32.76873,-115.55045,42007,131,4672
1614535769,3275,215,32.75986,-115.55508,42007,127,4672
1614535771,3300,219,32.75885,-115.55602,42007,126,4672
1614535779,3325,233,32.75592,-115.55997,42007,128,4672
1614535782,3350,236,32.75495,-115.56177,42007,129,4672
1614535788,3450,247,32.75337,-115.56586,42007,131,4672
1614535791,3475,250,32.75285,-115.56755,42177,131,4672
1614535794,3500,256,32.75226,-115.57030,42007,128,4672
1614535795,3525,253,32.75211,-115.57090,42177,130,4672
1614535800,3600,260,32.75160,-115.57416,42007,124,4672
1614535806,3675,264,32.75118,-115.57842,42007,122,4672
1614535812,3725,268,32.75094,-115.58245,42007,123,4672
1614535819,3800,270,32.75093,-115.58672,42007,123,4672
1614535822,3850,270,32.75094,-115.58878,42007,122,4672
1614535828,3950,270,32.75099,-115.59282,42007,123,4672
1614535830,3950,270,32.75099,-115.59349,42177,123,4672
1614535837,4050,271,32.75108,-115.59910,42177,125,4672
1614535846,4200,272,32.75130,-115.60551,42007,125,4672
1614535852,4325,272,32.75141,-115.60963,42007,123,4672
1614535863,4525,271,32.75162,-115.61649,42177,123,4672
1614535871,4750,271,32.75176,-115.62221,42177,119,4672
1614535878,4925,271,32.75189,-115.62666,42177,120,4672
1614535884,5000,271,32.75198,-115.63039,42177,123,4672
1614535896,5225,271,32.75220,-115.63856,42007,122,4670
1614535908,5425,272,32.75238,-115.64663,42007,123,4670
1614535920,5600,272,32.75267,-115.65533,42007,124,4670
1614535932,5825,271,32.75285,-115.66324,42007,123,4670
1614535944,6025,271,32.75299,-115.67120,42177,120,4670
1614535957,6250,271,32.75318,-115.67954,42177,117,4670
1614535972,6425,272,32.75340,-115.68868,42177,113,4670
1614535983,6500,271,32.75360,-115.69556,42177,113,4670
1614535996,6625,271,32.75378,-115.70319,42177,112,4670
1614536007,6775,271,32.75397,-115.71064,42177,111,4670
1614536020,6950,272,32.75418,-115.71812,42177,111,4670
1614536031,7100,271,32.75436,-115.72498,42007,112,4670
1614536043,7250,272,32.75453,-115.73256,42007,113,4670
1614536055,7325,271,32.75471,-115.73990,42007,115,4670
1614536067,7400,271,32.75491,-115.74773,42007,115,4670
1614536077,7425,271,32.75509,-115.75403,42007,117,4670
1614536092,7550,271,32.75537,-115.76366,42177,119,4670
1614536104,7650,271,32.75560,-115.77168,42007,121,4670
1614536116,7850,271,32.75578,-115.77969,42007,121,4670
1614536127,8000,271,32.75592,-115.78721,42177,122,4670
1614536140,8225,271,32.75616,-115.79556,42177,123,4670
1614536156,8500,271,32.75638,-115.80666,42007,124,4670
1614536168,8725,271,32.75658,-115.81473,42007,124,4670
1614536178,8900,271,32.75674,-115.82149,42007,124,4670
1614536193,9200,271,32.75697,-115.83133,42177,124,4670
1614536203,9400,271,32.75706,-115.83858,42177,122,4670
1614536239,9650,271,32.75774,-115.86260,42007,131,4670
1614536253,9650,272,32.75806,-115.87364,42177,135,4670
1614536266,9650,271,32.75830,-115.88341,42007,137,4670
1614536278,9650,271,32.75844,-115.89186,42007,138,4670
1614536294,9650,271,32.75871,-115.90439,42177,141,4670
1614536311,9650,271,32.75903,-115.91862,42177,144,4670
1614536325,9675,271,32.75926,-115.92845,42007,146,4670
1614536347,9650,271,32.75969,-115.94741,42177,150,4670
1614536367,9650,271,32.76004,-115.96388,42007,151,4670
1614536380,9675,271,32.76025,-115.97398,42007,153,4670
1614536392,9675,271,32.76054,-115.98464,42177,158,4670
1614536405,9675,271,32.76082,-115.99519,42177,161,4670
1614536415,9650,271,32.76105,-116.00530,40453,162,4670
1614536428,9675,271,32.76123,-116.01691,40453,161,4670
1614536442,9675,271,32.76150,-116.02898,40453,163,4670
1614536452,9675,271,32.76169,-116.03815,40453,164,4670
1614536466,9675,271,32.76279,-116.05018,40453,165,4670
1614536469,9675,288,32.76338,-116.05232,42177,157,4670
1614536475,9650,297,32.76517,-116.05693,42177,152,4670
1614536481,9650,305,32.76738,-116.06103,42177,148,4670
1614536483,9650,309,32.76860,-116.06287,42177,146,4670
1614536486,9650,311,32.76929,-116.06386,42084,146,4670
1614536490,9675,313,32.77133,-116.06647,42177,143,4670
1614536496,9650,311,32.77423,-116.07028,42007,143,4670
1614536499,9650,310,32.77528,-116.07171,42177,143,4670
1614536502,9650,310,32.77678,-116.07381,42084,143,4670
1614536514,9650,309,32.78192,-116.08105,42177,141,4670
1614536526,9650,309,32.78693,-116.08816,42084,141,4670
1614536541,9650,309,32.79323,-116.09725,42177,143,4670
1614536558,9650,310,32.80083,-116.10786,40453,144,4670
1614536570,9650,310,32.80550,-116.11445,42007,142,4670
1614536583,9675,309,32.81128,-116.12257,42007,141,4670
1614536598,9650,310,32.81776,-116.13170,42084,142,4670
1614536611,9650,310,32.82280,-116.13867,42084,141,4670
1614536625,9650,310,32.82906,-116.14741,42084,141,4670
1614536637,9650,310,32.83418,-116.15458,42084,139,4670
1614536650,9650,310,32.83928,-116.16174,42084,138,4670
1614536662,9650,310,32.84418,-116.16861,42084,138,4670
1614536675,9650,310,32.85010,-116.17689,42084,138,4670
1614536687,9650,310,32.85489,-116.18362,40453,137,4670
1614536698,9650,310,32.85936,-116.18990,40453,136,4670
1614536711,9650,310,32.86478,-116.19750,40453,134,4670
1614536724,9650,310,32.86993,-116.20475,42084,133,4670
1614536735,9650,310,32.87431,-116.21080,42084,134,4670
1614536747,9650,310,32.87924,-116.21772,42084,134,4670
1614536763,9675,310,32.88557,-116.22656,42084,136,4670
1614536776,9650,310,32.89074,-116.23384,42084,138,4670
1614536788,9650,310,32.89577,-116.24079,42084,140,4670
1614536800,9650,310,32.90084,-116.24791,42084,139,4670
1614536812,9650,310,32.90578,-116.25486,42084,139,4670
1614536836,9650,310,32.91545,-116.26853,42084,137,4670
1614536847,9650,310,32.92053,-116.27565,42084,137,4670
1614536857,9650,310,32.92440,-116.28109,2371,137,4670
1614536890,9650,310,32.93797,-116.30006,33848,137,4670
1614536902,9650,310,32.94301,-116.30709,42084,138,4670
1614536913,9650,310,32.94722,-116.31308,2371,138,4670
1614536926,9650,310,32.95293,-116.32117,42084,138,4670
1614536938,9650,310,32.95787,-116.32806,42084,139,4670
1614536950,9650,310,32.96308,-116.33530,42084,139,4670
1614536963,9650,310,32.96805,-116.34236,42084,141,4670
1614536974,9650,310,32.97300,-116.34930,42084,141,4670
1614536990,9650,310,32.97942,-116.35833,42084,142,4670
1614537001,9650,310,32.98445,-116.36545,2371,142,4670
1614537013,9650,310,32.98979,-116.37296,42084,142,4670
1614537025,9650,309,32.99446,-116.37955,42084,141,4670
1614537037,9650,309,32.99972,-116.38697,42084,140,4670
1614537049,9650,310,33.00456,-116.39381,2371,139,4670
1614537063,9650,310,33.01025,-116.40185,40453,139,4670
1614537074,9650,310,33.01497,-116.40849,42084,137,4670
1614537086,9650,309,33.02032,-116.41602,40453,137,4670
1614537097,9650,310,33.02472,-116.42229,40453,137,4670
1614537110,9650,310,33.02979,-116.42941,42084,138,4670
1614537120,9650,310,33.03412,-116.43546,40453,139,4670
1614537134,9650,310,33.03984,-116.44359,40453,139,4670
1614537146,9650,309,33.04483,-116.45065,42084,139,4670
1614537164,9650,310,33.05241,-116.46134,42084,139,4670
1614537177,9650,310,33.05795,-116.46914,40453,139,4670
1614537194,9650,310,33.06496,-116.47914,42084,141,4670
1614537209,9650,310,33.07141,-116.48814,40453,141,4670
1614537219,9650,310,33.07550,-116.49392,40453,141,4670
1614537234,9650,304,33.08137,-116.50284,40453,145,4670
1614537236,9650,296,33.08221,-116.50462,42084,148,4670
1614537237,9650,295,33.08249,-116.50539,2371,148,4670
1614537239,9650,291,33.08299,-116.50693,42084,151,4670
1614537241,9650,287,33.08347,-116.50861,40453,153,4670
1614537242,9650,284,33.08373,-116.50984,2371,154,4670
1614537245,9650,279,33.08407,-116.51192,42084,156,4670
1614537246,9650,281,33.08412,-116.51247,40453,155,4670
1614537248,9650,275,33.08432,-116.51446,42084,157,4670
1614537251,9650,272,33.08444,-116.51713,42084,159,4670
1614537255,9650,272,33.08455,-116.52007,40453,159,4670
1614537256,9675,272,33.08458,-116.52173,40453,159,4670
1614537261,9650,271,33.08472,-116.52576,40453,160,4670
1614537263,9650,271,33.08477,-116.52806,40453,160,4670
1614537270,9650,271,33.08491,-116.53355,40453,161,4670
1614537272,9650,271,33.08496,-116.53577,42084,161,4670
1614537273,9650,271,33.08496,-116.53627,40453,161,4670
1614537285,9650,271,33.08519,-116.54676,40453,161,4670
1614537296,9650,271,33.08542,-116.55737,42084,162,4670
1614537308,9650,271,33.08561,-116.56797,42084,163,4670
1614537320,9675,272,33.08593,-116.57789,40453,164,4670
1614537335,9650,272,33.08647,-116.59263,42084,163,4670
1614537348,9650,273,33.08698,-116.60384,2371,155,4670
1614537361,9650,274,33.08756,-116.61410,2371,150,4670
1614537371,9675,274,33.08807,-116.62300,42084,148,4670
1614537384,9675,275,33.08868,-116.63287,42084,147,4670
1614537396,9650,275,33.08933,-116.64263,42084,147,4670
1614537411,9650,273,33.09018,-116.65481,42084,149,4670
1614537426,9650,272,33.09073,-116.66724,42084,150,4670
1614537442,9650,273,33.09152,-116.68080,2371,147,4670
1614537453,9650,273,33.09194,-116.68899,42084,145,4670
1614537465,9675,275,33.09256,-116.69898,42084,145,4670
1614537477,9650,275,33.09343,-116.70850,42084,145,4670
1614537487,9675,274,33.09398,-116.71677,2371,146,4670
1614537504,9650,274,33.09482,-116.73029,42084,148,4670
1614537515,9650,275,33.09552,-116.73960,40453,148,4670
1614537527,9650,276,33.09636,-116.74880,2371,146,4670
1614537543,9650,277,33.09769,-116.76182,42084,144,4670
1614537555,9650,275,33.09851,-116.77126,42084,143,4670
1614537567,9650,274,33.09915,-116.78085,42084,146,4670
1614537578,9675,273,33.09965,-116.78972,2371,148,4670
1614537590,9675,273,33.10018,-116.79986,2371,151,4670
1614537603,9650,273,33.10075,-116.81059,40453,155,4670
1614537615,9650,272,33.10115,-116.82076,40453,158,4670
1614537630,9650,273,33.10181,-116.83427,40453,158,4670
1614537642,9650,273,33.10232,-116.84392,2371,158,4670
1614537655,9650,274,33.10300,-116.85536,2120,159,4670
1614537670,9650,276,33.10405,-116.86849,42084,160,4670
1614537687,9650,276,33.10553,-116.88393,2371,161,4670
1614537703,9650,276,33.10684,-116.89745,2120,158,4670
1614537714,9650,276,33.10780,-116.90733,2371,158,4670
1614537727,9675,277,33.10895,-116.91832,42084,157,4670
1614537738,9675,276,33.11000,-116.92850,42084,156,4670
1614537753,9650,275,33.11107,-116.94100,40453,154,4670
1614537765,9650,274,33.11182,-116.95120,40453,154,4670
1614537779,9650,274,33.11251,-116.96269,40453,153,4670
1614537792,9650,274,33.11321,-116.97385,40453,152,4670
1614537804,9650,274,33.11382,-116.98287,40453,152,4670
1614537819,9650,273,33.11465,-116.99666,40453,150,4670
1614537831,9650,273,33.11522,-117.00648,40453,149,4670
1614537843,9650,273,33.11573,-117.01633,40453,148,4670
1614537854,9650,273,33.11618,-117.02505,40453,148,4670
1614537870,9675,273,33.11684,-117.03769,40453,149,4670
1614537882,9650,273,33.11736,-117.04812,40453,150,4670
1614537894,9650,273,33.11782,-117.05792,40453,151,4670
1614537906,9650,273,33.11829,-117.06834,40453,152,4670
1614537916,9650,273,33.11865,-117.07668,2120,153,4670
1614537925,9650,273,33.11902,-117.08410,40453,153,4670
1614537939,9675,273,33.11961,-117.09602,40453,155,4670
1614537949,9650,273,33.12006,-117.10439,2371,158,4670
1614537961,9650,273,33.12061,-117.11516,40453,161,4670
1614537973,9650,273,33.12112,-117.12541,40453,160,4670
1614537985,9650,273,33.12168,-117.13606,40453,157,4670
1614537998,9650,273,33.12227,-117.14700,40453,156,4670
1614538009,9625,276,33.12336,-117.15653,40453,155,4670
1614538012,9600,283,33.12392,-117.15938,40453,155,4670
1614538014,9575,283,33.12429,-117.16106,40453,156,4670
1614538019,9550,283,33.12488,-117.16402,40453,157,4670
1614538022,9525,283,33.12561,-117.16760,2371,159,4670
1614538024,9500,284,33.12593,-117.16891,40453,159,4670
1614538027,9475,284,33.12648,-117.17166,40453,160,4670
1614538028,9475,284,33.12666,-117.17254,2120,160,4670
1614538030,9450,284,33.12694,-117.17384,40453,160,4670
1614538043,9350,283,33.12923,-117.18500,40453,159,4670
1614538054,9250,284,33.13123,-117.19464,40453,156,4670
1614538066,9150,284,33.13341,-117.20489,40453,153,4670
1614538076,9050,284,33.13518,-117.21308,40453,153,4670
1614538091,8925,284,33.13792,-117.22517,2120,152,4670
1614538102,8850,285,33.14007,-117.23449,40453,153,4670
1614538114,8750,285,33.14223,-117.24395,40453,155,4670
1614538127,8650,285,33.14452,-117.25401,40453,158,4670
1614538138,8550,284,33.14682,-117.26453,40453,161,4670
1614538151,8450,284,33.14920,-117.27524,42084,162,4670
1614538162,8350,284,33.15115,-117.28455,40453,164,4670
1614538174,8250,284,33.15362,-117.29604,40453,166,4670
1614538186,8150,285,33.15605,-117.30630,40453,164,4670
1614538199,8050,286,33.15880,-117.31740,42084,163,4670
1614538211,7950,286,33.16141,-117.32777,2120,162,4670
1614538223,7850,286,33.16402,-117.33800,42084,161,4670
1614538238,7725,286,33.16730,-117.35085,42084,161,4670
1614538250,7650,287,33.16991,-117.36072,2120,157,4670
1614538265,7675,287,33.17322,-117.37311,42084,150,4670
1614538275,7650,288,33.17532,-117.38073,2120,145,4670
1614538302,7650,288,33.18132,-117.40125,42014,141,4670
1614538322,7650,289,33.18535,-117.41545,42084,140,4670
1614538333,7650,288,33.18769,-117.42350,42014,143,4670
1614538345,7650,288,33.19025,-117.43253,42014,146,4670
1614538357,7650,287,33.19286,-117.44194,42014,149,4670
1614538370,7675,288,33.19584,-117.45270,42084,150,4670
1614538381,7650,287,33.19817,-117.46121,42014,152,4670
1614538394,7650,287,33.20101,-117.47187,42084,153,4670
1614538412,7650,286,33.20492,-117.48679,2120,156,4670
1614538424,7650,286,33.20741,-117.49675,2120,159,4670
1614538439,7650,286,33.21051,-117.50909,418,161,4670
1614538451,7650,286,33.21309,-117.51976,418,161,4670
1614538462,7650,286,33.21539,-117.52904,42014,161,4670
1614538473,7650,286,33.21763,-117.53790,2120,161,4670
1614538484,7650,287,33.22019,-117.54788,2120,159,4670
1614538498,7650,287,33.22325,-117.55931,42014,158,4670
1614538509,7650,287,33.22559,-117.56806,2120,158,4670
1614538520,7650,287,33.22819,-117.57771,42084,156,4670
1614538533,7650,287,33.23099,-117.58801,418,156,4670
1614538544,7650,287,33.23322,-117.59648,42014,157,4670
1614538560,7650,288,33.23698,-117.61007,42084,157,4670
1614538571,7650,288,33.23950,-117.61897,42014,157,4670
1614538583,7650,294,33.24257,-117.62886,42014,155,4670
1614538585,7650,299,33.24342,-117.63073,42084,154,4670
1614538587,7650,302,33.24412,-117.63202,418,153,4670
1614538590,7675,307,33.24537,-117.63403,2120,152,4670
1614538592,7675,312,33.24628,-117.63523,42084,152,4670
1614538595,7675,315,33.24733,-117.63644,42014,152,4670
1614538598,7675,323,33.24957,-117.63863,2120,151,4670
1614538602,7650,330,33.25195,-117.64033,2120,151,4670
1614538604,7650,334,33.25296,-117.64095,42014,150,4670
1614538607,7650,339,33.25515,-117.64194,2120,151,4670
1614538608,7650,337,33.25622,-117.64227,418,151,4670
1614538609,7650,344,33.25653,-117.64243,42014,151,4670
1614538610,7650,347,33.25763,-117.64270,2120,151,4670
1614538614,7650,352,33.25967,-117.64306,2120,151,4670
1614538617,7650,358,33.26190,-117.64317,2120,151,4670
1614538622,7675,3,33.26525,-117.64301,42014,151,4670
1614538624,7675,3,33.26665,-117.64289,418,151,4670
1614538625,7675,4,33.26734,-117.64284,42014,152,4670
1614538626,7675,3,33.26843,-117.64275,42084,152,4670
1614538628,7650,3,33.26953,-117.64265,42014,152,4670
1614538631,7650,3,33.27172,-117.64250,42014,152,4670
1614538633,7650,3,33.27278,-117.64243,418,152,4670
1614538634,7650,3,33.27379,-117.64232,42014,152,4670
1614538636,7650,3,33.27516,-117.64220,418,152,4670
1614538637,7650,3,33.27658,-117.64210,42084,151,4670
1614538638,7650,3,33.27736,-117.64205,418,151,4670
1614538640,7675,3,33.27828,-117.64198,42084,151,4670
1614538642,7675,3,33.27959,-117.64188,418,151,4670
1614538643,7675,3,33.28024,-117.64182,42014,151,4670
1614538659,7650,3,33.29146,-117.64100,2120,152,4670
1614538671,7650,3,33.30025,-117.64028,42084,153,4670
1614538686,7650,3,33.31087,-117.63946,42084,153,4670
1614538698,7650,4,33.31930,-117.63874,2120,153,4670
1614538713,7650,4,33.33005,-117.63776,42084,154,4670
1614538727,7650,3,33.34011,-117.63695,42014,154,4670
1614538740,7650,3,33.34923,-117.63628,2120,154,4670
1614538751,7675,2,33.35650,-117.63594,40453,154,4670
1614538752,7650,354,33.35794,-117.63611,42084,153,4670
1614538753,7650,352,33.35870,-117.63622,2163,154,4670
1614538755,7650,350,33.36022,-117.63656,40453,154,4670
1614538756,7650,349,33.36053,-117.63666,2163,154,4670
1614538758,7650,344,33.36199,-117.63711,2120,154,4670
1614538759,7650,344,33.36297,-117.63745,2163,154,4670
1614538761,7650,342,33.36431,-117.63796,40453,153,4670
1614538763,7650,341,33.36557,-117.63847,42014,153,4670
1614538764,7650,341,33.36594,-117.63863,2120,153,4670
1614538766,7675,342,33.36763,-117.63924,42014,153,4670
1614538767,7675,342,33.36832,-117.63951,42084,153,4670
1614538768,7675,342,33.36906,-117.63981,2163,153,4670
1614538770,7675,342,33.37019,-117.64023,40453,153,4670
1614538774,7650,342,33.37283,-117.64127,40453,153,4670
1614538776,7650,342,33.37418,-117.64177,2120,152,4670
1614538780,7650,342,33.37661,-117.64272,40453,152,4670
1614538782,7675,342,33.37833,-117.64339,2120,152,4670
1614538792,7650,342,33.38443,-117.64572,40453,152,4670
1614538804,7675,341,33.39331,-117.64919,2163,152,4670
1614538816,7650,342,33.40049,-117.65203,42084,153,4670
1614538827,7650,342,33.40855,-117.65506,2120,153,4670
1614538837,7675,342,33.41496,-117.65746,40453,152,4670
1614538849,7700,342,33.42293,-117.66050,42084,149,4670
1614538859,7650,343,33.43009,-117.66312,42014,152,4670
1614538871,7550,343,33.43745,-117.66576,40453,154,4670
1614538884,7450,342,33.44722,-117.66935,2120,155,4670
1614538900,7300,331,33.45758,-117.67434,42084,155,4670
1614538902,7300,329,33.45882,-117.67522,42014,155,4670
1614538905,7250,326,33.46101,-117.67687,2120,155,4670
1614538906,7250,326,33.46124,-117.67703,42084,155,4670
1614538908,7225,325,33.46266,-117.67824,2120,155,4670
1614538909,7225,324,33.46333,-117.67876,2163,154,4670
1614538910,7225,323,33.46385,-117.67923,42014,154,4670
1614538914,7175,323,33.46626,-117.68151,2120,154,4670
1614538918,7150,320,33.46817,-117.68336,42084,154,4670
1614538919,7150,319,33.46889,-117.68407,2120,155,4670
1614538923,7125,318,33.47101,-117.68628,42014,155,4670
1614538927,7075,317,33.47278,-117.68819,2120,155,4670
1614538929,7050,317,33.47441,-117.68997,2120,155,4670
1614538932,7025,316,33.47595,-117.69177,2120,155,4670
1614538935,7000,316,33.47753,-117.69357,2120,156,4670
1614538939,6975,315,33.47928,-117.69554,42084,156,4670
1614538951,6875,315,33.48544,-117.70287,42084,155,4670
1614538962,6800,315,33.49109,-117.70961,42014,154,4670
1614538984,6600,315,33.50198,-117.72263,2120,154,4670
1614538994,6525,315,33.50734,-117.72900,42014,153,4670
1614539008,6400,315,33.51407,-117.73706,2120,151,4670
1614539020,6300,315,33.52003,-117.74412,2120,151,4670
1614539032,6200,315,33.52606,-117.75130,42084,152,4670
1614539046,6100,316,33.53343,-117.75993,42014,154,4670
1614539059,5975,315,33.53995,-117.76749,42084,154,4670
1614539080,5825,315,33.55069,-117.78017,2120,156,4670
1614539091,5775,315,33.55620,-117.78677,2163,156,4670
1614539103,5775,315,33.56227,-117.79395,2163,154,4670
1614539126,5775,315,33.57458,-117.80830,2163,153,4670
1614539138,5775,315,33.57999,-117.81470,3021,153,4670
1614539149,5775,315,33.58594,-117.82170,2120,152,4670
1614539161,5775,315,33.59175,-117.82854,2120,152,4670
1614539174,5775,315,33.59856,-117.83655,3021,149,4670
1614539188,5775,315,33.60516,-117.84435,2120,150,4670
1614539202,5775,315,33.61221,-117.85252,2163,149,4670
1614539230,5775,315,33.62594,-117.86888,2120,145,4670
1614539243,5775,315,33.63232,-117.87643,3021,144,4670
1614539256,5700,316,33.63840,-117.88352,2163,145,4670
1614539268,5600,316,33.64437,-117.89033,2163,148,4670
1614539279,5500,315,33.65002,-117.89698,3021,151,4670
1614539291,5400,315,33.65607,-117.90410,3021,153,4670
1614539312,5225,315,33.66678,-117.91682,3021,157,4670
1614539326,5125,315,33.67421,-117.92564,2120,161,4670
1614539337,5050,316,33.67999,-117.93240,2163,161,4670
1614539348,4950,314,33.68571,-117.93921,3021,157,4670
1614539355,4900,314,33.68884,-117.94299,3021,156,4670
1614539361,4825,314,33.69237,-117.94722,40453,154,4670
1614539368,4800,314,33.69595,-117.95157,2120,153,4670
1614539377,4775,314,33.70052,-117.95707,2120,153,4670
1614539386,4775,316,33.70475,-117.96204,40453,154,4670
1614539392,4775,315,33.70810,-117.96593,2120,152,4670
1614539398,4800,315,33.71114,-117.96957,2120,151,4670
1614539404,4775,315,33.71411,-117.97302,2120,150,4670
1614539412,4775,315,33.71774,-117.97731,3021,149,4670
1614539417,4775,315,33.72052,-117.98061,3021,147,4670
1614539424,4775,315,33.72351,-117.98407,3021,147,4670
1614539430,4775,315,33.72679,-117.98801,2163,144,4670
1614539436,4775,315,33.72970,-117.99145,2163,144,4670
1614539442,4775,315,33.73224,-117.99445,3021,143,4670
1614539448,4775,315,33.73473,-117.99740,3021,142,4670
1614539453,4775,315,33.73776,-118.00095,3021,142,4670
1614539464,4700,316,33.74297,-118.00696,2120,147,4670
1614539469,4650,316,33.74560,-118.00998,2163,148,4670
1614539475,4575,315,33.74849,-118.01334,40453,149,4670
1614539484,4525,315,33.75261,-118.01827,40453,149,4670
1614539492,4450,315,33.75638,-118.02280,2120,149,4670
1614539499,4400,315,33.76015,-118.02727,40453,149,4670
1614539506,4325,315,33.76355,-118.03128,40453,151,4670
1614539512,4275,315,33.76657,-118.03494,40453,151,4670
1614539517,4250,315,33.76918,-118.03803,2163,152,4670
1614539524,4175,315,33.77248,-118.04193,2163,154,4670
1614539530,4125,315,33.77550,-118.04552,2163,154,4670
1614539539,4050,317,33.78035,-118.05107,40453,156,4670
1614539542,4025,322,33.78177,-118.05241,2163,155,4670
1614539548,3975,333,33.78561,-118.05510,2163,152,4670
1614539551,3950,336,33.78754,-118.05611,2163,152,4670
1614539553,3950,337,33.78886,-118.05679,3021,153,4670
1614539554,3925,338,33.78950,-118.05707,2163,153,4670
1614539557,3900,338,33.79147,-118.05801,2163,153,4670
1614539558,3900,338,33.79180,-118.05817,2120,153,4670
1614539559,3900,337,33.79301,-118.05879,40453,154,4670
1614539562,3875,337,33.79488,-118.05965,3021,154,4670
1614539563,3875,337,33.79525,-118.05988,40453,154,4670
1614539566,3825,337,33.79753,-118.06097,40453,154,4670
1614539570,3800,337,33.79990,-118.06212,2120,154,4670
1614539572,3800,337,33.80153,-118.06286,40453,154,4670
1614539578,3775,338,33.80539,-118.06474,40453,153,4670
1614539584,3775,338,33.80960,-118.06677,2120,151,4670
1614539593,3775,338,33.81527,-118.06944,2163,152,4670
1614539599,3775,338,33.81922,-118.07133,2163,152,4670
1614539605,3775,338,33.82290,-118.07310,2163,152,4670
1614539611,3775,338,33.82714,-118.07504,2163,152,4670
1614539617,3775,339,33.83116,-118.07690,2163,152,4670
1614539623,3775,339,33.83482,-118.07854,2163,152,4670
1614539629,3775,339,33.83908,-118.08050,2163,152,4670
1614539635,3775,339,33.84279,-118.08218,40453,152,4670
1614539641,3775,339,33.84701,-118.08403,40453,153,4670
1614539647,3775,339,33.85080,-118.08576,40453,153,4670
1614539653,3775,339,33.85516,-118.08775,2163,154,4670
1614539659,3775,339,33.85889,-118.08946,40453,154,4670
1614539665,3775,339,33.86325,-118.09142,2163,153,4670
1614539671,3775,339,33.86717,-118.09325,40453,154,4670
1614539677,3775,328,33.87099,-118.09559,40453,156,4670
1614539678,3775,327,33.87131,-118.09579,2120,155,4670
1614539679,3750,324,33.87227,-118.09663,40453,157,4670
1614539681,3750,322,33.87313,-118.09742,2120,157,4670
1614539683,3750,320,33.87456,-118.09877,40453,157,4670
1614539685,3725,320,33.87566,-118.09989,3021,158,4670
1614539686,3725,320,33.87625,-118.10045,2163,158,4670
1614539689,3700,320,33.87788,-118.10211,40453,159,4670
1614539691,3700,320,33.87900,-118.10314,3021,159,4670
1614539692,3675,320,33.87960,-118.10377,40453,159,4670
1614539695,3675,321,33.88137,-118.10548,40453,160,4670
1614539700,3625,315,33.88393,-118.10823,40453,161,4670
1614539703,3600,308,33.88582,-118.11088,40453,162,4670
1614539704,3600,308,33.88600,-118.11115,2163,163,4670
1614539706,3575,305,33.88710,-118.11295,3021,162,4670
1614539707,3575,304,33.88724,-118.11323,40453,163,4670
1614539708,3575,303,33.88770,-118.11407,2120,162,4670
1614539713,3550,302,33.88961,-118.11762,40453,163,4670
1614539715,3525,299,33.89072,-118.11990,3021,164,4670
1614539716,3525,298,33.89108,-118.12068,2163,163,4670
1614539718,3500,296,33.89166,-118.12209,3021,163,4670
1614539719,3500,294,33.89200,-118.12299,40453,164,4670
1614539722,3475,292,33.89296,-118.12567,2163,163,4670
1614539725,3450,292,33.89380,-118.12809,2163,163,4670
1614539726,3450,292,33.89392,-118.12853,2120,163,4670
1614539727,3450,292,33.89438,-118.12987,3021,163,4670
1614539732,3400,292,33.89561,-118.13341,2120,164,4670
1614539745,3275,292,33.89973,-118.14490,3021,162,4670
1614539746,3250,292,33.90001,-118.14574,2163,162,4670
1614539755,3150,292,33.90262,-118.15337,2163,164,4670
1614539771,2950,292,33.90710,-118.16603,2163,161,4670
1614539777,2875,293,33.90893,-118.17123,2120,160,4670
1614539786,2750,293,33.91144,-118.17827,2163,159,4670
1614539792,2675,294,33.91328,-118.18318,2163,159,4670
1614539798,2600,289,33.91502,-118.18845,2120,160,4670
1614539801,2550,287,33.91568,-118.19092,2120,162,4670
1614539810,2425,290,33.91791,-118.19871,2120,161,4670
1614539816,2350,290,33.91937,-118.20342,2163,162,4670
1614539822,2275,290,33.92107,-118.20885,2120,162,4670
1614539828,2200,290,33.92262,-118.21390,2120,161,4670
1614539834,2125,289,33.92411,-118.21873,2163,162,4670
1614539839,2050,289,33.92532,-118.22285,1746,163,4670
1614539846,1975,290,33.92695,-118.22817,40453,162,4670
1614539852,1875,290,33.92895,-118.23457,40453,161,4670
1614539858,1825,290,33.93036,-118.23918,2163,159,4670
1614539864,1750,290,33.93188,-118.24408,2163,159,4670
1614539869,1675,290,33.93329,-118.24860,40453,157,4670
1614539876,1600,290,33.93503,-118.25431,2120,156,4670
1614539880,1575,290,33.93607,-118.25769,40453,156,4670
1614539888,1500,290,33.93807,-118.26416,2120,159,4670
1614539897,1400,290,33.94038,-118.27169,2120,158,4670
1614539903,1375,286,33.94175,-118.27658,2120,156,4670
1614539906,1325,285,33.94221,-118.27858,40453,155,4670
1614539909,1300,284,33.94267,-118.28082,3021,154,4670
1614539912,1300,284,33.94324,-118.28327,1746,154,4670
1614539918,1250,283,33.94445,-118.28888,2163,154,4670
1614539921,1200,277,33.94478,-118.29147,2120,154,4670
1614539926,1175,276,33.94519,-118.29614,3021,154,4670
1614539927,1175,277,33.94524,-118.29658,2163,154,4670
1614539930,1150,278,33.94556,-118.29932,2120,153,4670
1614539933,1125,278,33.94585,-118.30158,2163,153,4670
1614539936,1100,276,33.94611,-118.30437,2120,153,4670
1614539941,1075,273,33.94640,-118.30822,2163,153,4670
1614539954,925,264,33.94617,-118.31926,3021,157,4670
1614539961,800,263,33.94556,-118.32556,19258,158,4670
1614539968,725,263,33.94492,-118.33245,3021,156,4670
1614539981,600,262,33.94380,-118.34283,3021,153,4670
1614539990,475,262,33.94300,-118.35016,2120,141,4670
1614540002,325,261,33.94203,-118.35880,40453,128,4670
1614540008,250,262,33.94161,-118.36264,40453,120,4670
1614540014,175,263,33.94124,-118.36664,3021,113,4670
1614540020,125,262,33.94084,-118.37028,40453,113,4670
1614540027,50,263,33.94030,-118.37528,40453,115,4670
1614540034,0,263,33.93989,-118.37974,3021,114,4670
1614540041,0,262,33.93956,-118.38289,40453,102,4670
1614540048,0,263,33.93914,-118.38684,3021,84,4670
1614540054,0,262,33.93891,-118.38924,3021,75,4670
1614540059,0,263,33.93869,-118.39136,3021,61,4670
1614540073,0,303,33.93858,-118.39359,3021,12,4670
1614540079,0,342,33.93888,-118.39372,3021,13,4670
1614540084,0,331,33.93917,-118.39378,3021,12,4670
1614540088,0,289,33.93933,-118.39403,3021,11,4670
1614540105,0,309,33.93940,-118.39502,3021,10,4670
1614540113,0,357,33.93978,-118.39521,3021,13,4670
1614540116,0,2,33.94001,-118.39523,3021,12,4670
1614540121,0,2,33.94027,-118.39521,3021,12,4670
1614540126,0,5,33.94052,-118.39517,3021,10,4670
1614540132,0,25,33.94077,-118.39512,3021,9,4670
1614540141,0,95,33.94089,-118.39481,3021,7,4670
1614540151,0,163,33.93872,-118.39119,3021,3,4670
