snapshot_id,altitude,heading,latitude,longitude,radar_id,speed,squawk
1644684881,0,81,33.94159,-118.40736,11146,0,0000
1644685170,0,81,33.94124,-118.40727,11146,0,6537
1644685176,0,81,33.94160,-118.40738,11146,0,6537
1644685182,0,81,33.94136,-118.40745,11146,0,6537
1644685207,0,81,33.94160,-118.40745,11146,1,6537
1644685317,0,81,33.94177,-118.40724,11146,0,6537
1644685361,0,81,33.94155,-118.40726,5894,0,6537
1644685378,0,81,33.94133,-118.40698,5894,0,6537
1644685383,0,81,33.94169,-118.40743,5894,0,6537
1644685389,0,81,33.94143,-118.40723,5894,0,6537
1644685398,0,81,33.94164,-118.40741,5894,0,6537
1644685562,0,81,33.94152,-118.40720,25025,0,6537
1644687053,0,81,33.94162,-118.40735,5894,0,0000
1644687883,0,81,33.94178,-118.40703,5894,0,6537
1644687889,0,81,33.94163,-118.40726,5894,0,6537
1644688176,0,81,33.94141,-118.40721,5894,0,6537
1644688185,0,81,33.94169,-118.40731,5894,0,6537
1644688434,0,81,33.94148,-118.40728,11146,0,6537
1644688649,0,81,33.94171,-118.40739,5894,0,6537
1644688728,0,81,33.94150,-118.40731,5894,0,6537
1644688885,0,81,33.94171,-118.40736,5894,0,6537
1644688897,0,81,33.94149,-118.40733,25025,0,6537
1644688903,0,81,33.94170,-118.40734,25025,0,6537
1644688953,0,81,33.94149,-118.40730,25025,0,6537
1644689035,0,81,33.94171,-118.40731,5894,0,6537
1644689042,0,81,33.94147,-118.40728,5894,0,6537
1644689059,0,81,33.94173,-118.40733,5894,0,6537
1644689117,0,81,33.94152,-118.40728,5894,0,6537
1644689831,0,81,33.94172,-118.40734,25025,0,2013
1644690289,0,81,33.94162,-118.40734,25025,0,0000
1644691081,0,174,33.94122,-118.40837,2801,3,2013
1644691116,0,171,33.94073,-118.40831,2801,3,2013
1644691144,0,171,33.94028,-118.40826,2801,4,2013
1644691336,0,81,33.93895,-118.40658,2801,10,2013
1644691344,0,84,33.93900,-118.40616,2801,9,2013
1644691478,0,84,33.93876,-118.40039,2801,27,2013
1644691491,0,81,33.93898,-118.39830,2801,27,2013
1644691572,0,81,33.94018,-118.38650,2801,26,2013
1644691604,0,84,33.94064,-118.38210,2801,23,2013
1644691724,1650,261,33.93292,-118.44456,2120,183,2013
1644691730,1775,260,33.93188,-118.45282,309,186,2013
1644691734,1800,256,33.93160,-118.45442,309,188,2013
1644691735,1825,252,33.93109,-118.45678,1451,189,2013
1644691737,1850,252,33.93053,-118.45865,309,189,2013
1644691741,1900,241,33.92899,-118.46254,1451,191,2013
1644691743,1925,246,33.92807,-118.46446,309,190,2013
1644691744,1925,237,33.92757,-118.46536,1451,193,2013
1644691745,1925,237,33.92732,-118.46581,309,193,2013
1644691747,1950,236,33.92578,-118.46861,1451,197,2013
1644691749,1950,237,33.92494,-118.47009,309,193,2013
1644691751,1975,234,33.92372,-118.47214,309,200,2013
1644691755,2025,233,33.92168,-118.47548,309,204,2013
1644691759,2075,232,33.91956,-118.47881,1746,207,2013
1644691762,2100,232,33.91782,-118.48148,1746,210,2013
1644691763,2125,232,33.91690,-118.48289,309,206,2013
1644691766,2175,231,33.91489,-118.48598,2818,214,2013
1644691769,2225,231,33.91296,-118.48878,2818,216,2013
1644691772,2250,230,33.91099,-118.49164,2818,219,2013
1644691776,2325,229,33.90898,-118.49458,309,222,2013
1644691778,2350,229,33.90697,-118.49736,2818,224,2013
1644691781,2400,229,33.90562,-118.49922,2818,226,2013
1644691786,2475,229,33.90138,-118.50504,2818,228,2013
1644691793,2525,228,33.89703,-118.51093,2120,240,2013
1644691800,2600,228,33.89104,-118.51905,309,252,2013
1644691808,2775,229,33.88435,-118.52823,566,262,2013
1644691814,2900,229,33.87937,-118.53504,566,268,2013
1644691820,3050,226,33.87457,-118.54145,566,272,2013
1644691823,3150,222,33.87187,-118.54460,566,272,2013
1644691826,3225,218,33.86880,-118.54768,566,272,2013
1644691829,3325,213,33.86578,-118.55020,566,272,2013
1644691832,3425,209,33.86270,-118.55240,566,271,2013
1644691835,3550,204,33.85884,-118.55467,566,270,2013
1644691838,3650,199,33.85563,-118.55610,566,269,2013
1644691841,3775,193,33.85213,-118.55728,566,268,2013
1644691844,3875,188,33.84804,-118.55810,566,267,2013
1644691847,4000,182,33.84489,-118.55840,566,266,2013
1644691850,4100,177,33.84092,-118.55833,566,265,2013
1644691853,4225,171,33.83725,-118.55784,566,263,2013
1644691856,4375,169,33.83365,-118.55701,566,262,2013
1644691859,4500,168,33.82988,-118.55610,566,262,2013
1644691862,4625,167,33.82658,-118.55524,566,261,2013
1644691865,4775,167,33.82369,-118.55444,566,261,2013
1644691868,4900,167,33.81944,-118.55330,566,261,2013
1644691871,5025,167,33.81587,-118.55232,566,262,2013
1644691874,5150,167,33.81215,-118.55135,566,262,2013
1644691876,5200,167,33.81103,-118.55101,418,262,2013
1644691879,5325,167,33.80690,-118.54993,418,263,2013
1644691892,5800,167,33.79042,-118.54551,566,268,2013
1644691906,6250,167,33.77499,-118.54147,418,273,2013
1644691918,6700,167,33.75903,-118.53728,418,276,2013
1644691932,7225,167,33.74199,-118.53270,566,277,2013
1644691944,7675,167,33.72762,-118.52891,566,278,2013
1644691956,8125,157,33.71182,-118.52303,566,278,2013
1644691958,8225,153,33.70848,-118.52096,566,278,2013
1644691962,8350,147,33.70540,-118.51862,566,277,2013
1644691965,8450,142,33.70226,-118.51585,566,277,2013
1644691968,8550,137,33.69965,-118.51311,566,278,2013
1644691971,8625,131,33.69661,-118.50923,566,278,2013
1644691974,8725,126,33.69437,-118.50580,566,278,2013
1644691977,8800,121,33.69223,-118.50174,566,279,2013
1644691980,8875,115,33.69065,-118.49796,566,280,2013
1644691983,8950,111,33.68934,-118.49442,566,280,2013
1644691986,9050,110,33.68748,-118.48846,566,282,2013
1644691989,9150,109,33.68660,-118.48543,566,283,2013
1644691992,9225,108,33.68495,-118.47965,566,283,2013
1644691995,9325,108,33.68372,-118.47539,566,284,2013
1644691998,9425,108,33.68243,-118.47090,566,285,2013
1644692001,9500,108,33.68111,-118.46619,566,286,2013
1644692004,9575,108,33.67978,-118.46159,566,286,2013
1644692007,9650,109,33.67845,-118.45699,566,286,2013
1644692019,9800,109,33.67305,-118.43856,566,298,2013
1644692031,9800,109,33.66728,-118.41927,566,314,2013
1644692043,9800,109,33.66133,-118.39927,566,321,2013
1644692055,9875,109,33.65538,-118.37942,566,324,2013
1644692067,10100,108,33.64922,-118.35886,566,326,2013
1644692076,10350,99,33.64600,-118.34322,566,328,2013
1644692086,10675,90,33.64465,-118.32419,42780,331,2013
1644692089,10775,90,33.64462,-118.32063,42780,331,2013
1644692092,10900,90,33.64462,-118.31345,42780,331,2013
1644692095,11000,89,33.64461,-118.30765,42780,332,2013
1644692097,11100,89,33.64461,-118.30405,42780,332,2013
1644692101,11225,89,33.64465,-118.29700,40337,332,2013
1644692107,11475,90,33.64465,-118.28545,40337,332,2013
1644692110,11575,90,33.64462,-118.27993,40337,333,2013
1644692113,11675,90,33.64465,-118.27440,40337,333,2013
1644692125,12100,90,33.64461,-118.25134,40337,335,2013
1644692159,13100,90,33.64451,-118.19012,40337,344,2013
1644692191,13550,90,33.64444,-118.12550,309,368,2013
1644692222,13925,90,33.64439,-118.05903,42014,391,2013
1644692256,14325,90,33.64430,-117.98650,566,413,2013
1644692290,15075,90,33.64409,-117.90562,309,422,2013
1644692323,16000,90,33.64394,-117.82753,309,426,2013
1644692341,16350,101,33.64032,-117.78538,309,431,2013
1644692344,16425,103,33.63950,-117.78078,309,432,2013
1644692347,16475,105,33.63734,-117.77074,309,432,2013
1644692350,16550,106,33.63560,-117.76363,309,432,2013
1644692353,16650,106,33.63385,-117.75639,309,433,2013
1644692356,16700,106,33.63278,-117.75204,309,433,2013
1644692359,16775,106,33.63059,-117.74311,309,433,2013
1644692362,16850,106,33.62887,-117.73607,309,434,2013
1644692392,17400,106,33.61244,-117.66872,309,442,2013
1644692425,18050,106,33.59266,-117.58821,309,448,2013
1644692489,19600,106,33.55588,-117.43956,309,451,2013
1644692552,20575,106,33.51724,-117.28421,309,465,2013
1644692615,21675,96,33.49396,-117.12188,309,472,2013
1644692678,22650,96,33.47786,-116.96001,309,479,2013
1644692741,23625,96,33.46124,-116.79170,309,483,2013
1644692802,24750,96,33.44490,-116.62850,2549,482,2013
1644692865,25800,97,33.42777,-116.46052,2549,482,2013
1644692929,27250,97,33.41077,-116.29527,2549,475,2013
1644692992,28325,97,33.39363,-116.13098,40337,476,2013
1644693055,29800,97,33.37702,-115.97319,42923,467,2013
1644693118,31850,97,33.35966,-115.81051,42495,441,2013
1644693178,32475,97,33.34396,-115.66456,42495,445,2013
1644693241,32725,97,33.32693,-115.51003,1571,458,2013
1644693301,32950,97,33.30977,-115.35474,42495,474,2013
1644693363,33000,97,33.29164,-115.19247,2549,491,2013
1644693426,33000,97,33.27232,-115.02219,2549,495,2013
1644693488,33000,97,33.25310,-114.85449,42495,491,2013
1644693551,32975,97,33.23341,-114.68568,42495,489,2013
1644693612,32975,97,33.21433,-114.52333,1577,487,2013
1644693675,33000,98,33.19432,-114.35444,1577,486,2013
1644693739,32975,98,33.17415,-114.18769,1577,488,2013
1644693802,33025,98,33.15357,-114.01897,1577,488,2013
1644693865,33450,98,33.13281,-113.85093,1577,490,2013
1644693928,33975,98,33.11195,-113.68316,1693,492,2013
1644693989,34475,98,33.09143,-113.51988,1577,492,2013
1644694052,34875,98,33.06987,-113.35043,2305,494,2013
1644694115,35000,98,33.04834,-113.18318,2305,494,2013
1644694178,35000,98,33.02605,-113.01241,2305,491,2013
1644694242,35000,98,33.00321,-112.83901,1693,495,2013
1644694302,35025,98,32.98206,-112.68062,4107,496,2013
1644694366,35025,99,32.95866,-112.50639,1693,495,2013
1644694429,35000,99,32.93585,-112.33812,4107,496,2013
1644694490,35000,99,32.91298,-112.17228,40823,497,2013
1644694552,35000,99,32.89000,-112.00635,1571,497,2013
1644694615,35000,99,32.86606,-111.83593,1571,499,2013
1644694677,35025,99,32.84230,-111.66806,2305,498,2013
1644694738,35000,99,32.81910,-111.50523,40823,499,2013
1644694798,35000,99,32.79533,-111.34105,1571,499,2013
1644694862,35000,99,32.77054,-111.17116,1571,498,2013
1644694925,35000,99,32.74577,-111.00272,40823,498,2013
1644694988,35000,100,32.72022,-110.83070,40823,499,2013
1644695050,35025,100,32.69522,-110.66463,2305,499,2013
1644695110,35000,100,32.67059,-110.50137,3300,499,2013
1644695173,35000,100,32.64476,-110.33127,3300,500,2013
1644695237,35000,100,32.61827,-110.16046,41878,501,2013
1644695300,35000,100,32.59155,-109.98862,41878,503,2013
1644695363,35000,100,32.56476,-109.81813,41878,504,2013
1644695423,35000,100,32.53876,-109.65471,41878,506,2013
1644695487,35025,100,32.51097,-109.48077,41878,508,2013
1644695550,35000,100,32.48299,-109.30757,41878,512,2013
1644695613,35000,95,32.45818,-109.13740,1651,508,2013
1644695673,35000,94,32.44551,-108.97031,1651,486,2013
1644695735,35000,95,32.43292,-108.80788,3300,492,2013
1644695798,35000,95,32.41935,-108.63747,3026,500,2013
1644695861,35000,95,32.40571,-108.46622,3026,498,2013
1644695923,35000,95,32.39221,-108.30115,40823,495,2013
1644695985,34950,95,32.37831,-108.13228,3026,494,2013
1644696047,34950,95,32.36440,-107.96589,1651,494,2013
1644696108,34975,95,32.35034,-107.80219,42508,496,2013
1644696170,35000,95,32.33607,-107.63726,40099,496,2013
1644696231,35000,96,32.32146,-107.47128,41878,495,2013
1644696293,35000,96,32.30655,-107.30447,42581,496,2013
1644696356,35000,96,32.29115,-107.13438,41594,497,2013
1644696418,35000,96,32.27560,-106.96619,42334,497,2013
1644696479,35000,96,32.26028,-106.80151,41594,498,2013
1644696542,35000,90,32.24766,-106.63139,41594,493,2013
1644696603,35000,88,32.25192,-106.47021,41594,490,2013
1644696664,35000,88,32.25673,-106.30547,41735,487,2013
1644696727,35000,88,32.26149,-106.13684,43020,497,2013
1644696790,34975,98,32.25009,-105.96736,3026,503,2013
1644696851,34050,98,32.22905,-105.80187,42454,500,2013
1644696913,33075,98,32.20768,-105.63545,43020,490,2013
1644696977,32075,98,32.18582,-105.46842,42454,475,2013
1644697039,31150,98,32.16540,-105.31192,41594,472,2013
1644697102,30175,98,32.14409,-105.15060,41594,473,2013
1644697165,29150,99,32.12253,-104.99017,41594,470,2013
1644697226,28175,99,32.10168,-104.83524,41594,485,2013
1644697288,27175,99,32.07919,-104.67230,42778,485,2013
1644697348,27000,85,32.07394,-104.51701,42778,473,2013
1644697412,27000,85,32.08397,-104.35446,42778,470,2013
1644697474,27000,85,32.09358,-104.19529,43020,468,2013
1644697537,27000,85,32.10297,-104.03657,42508,467,2013
1644697599,26975,86,32.11225,-103.87882,41810,470,2013
1644697660,27000,86,32.12123,-103.72080,43020,472,2013
1644697723,27025,86,32.13025,-103.55911,2484,472,2013
1644697784,27000,86,32.13876,-103.40327,3972,473,2013
1644697847,27000,86,32.14735,-103.24211,41735,472,2013
1644697910,27000,86,32.15584,-103.07955,41735,474,2013
1644697972,27000,86,32.16401,-102.91908,42611,472,2013
1644698032,27000,86,32.17163,-102.76512,3329,471,2013
1644698093,27000,86,32.17914,-102.60782,3972,468,2013
1644698157,27000,86,32.18668,-102.44555,3329,468,2013
1644698218,27000,86,32.19362,-102.29398,42508,465,2013
1644698280,27000,87,32.20070,-102.13396,1760,464,2013
1644698340,27000,87,32.20726,-101.98289,1760,461,2013
1644698402,27000,87,32.21359,-101.83160,3329,461,2013
1644698464,27000,87,32.22011,-101.67224,41155,460,2013
1644698526,27000,87,32.22625,-101.51592,42778,460,2013
1644698588,27000,87,32.23210,-101.36069,42778,461,2013
1644698653,26700,87,32.23824,-101.19682,42778,466,2013
1644698716,25675,87,32.24394,-101.03812,2484,465,2013
1644698779,25000,87,32.24945,-100.87789,2484,473,2013
1644698842,25000,87,32.25484,-100.71296,2484,473,2013
1644698902,25000,87,32.25972,-100.55691,2484,478,2013
1644698964,25000,87,32.26466,-100.39671,41155,483,2013
1644699027,25000,88,32.26955,-100.22865,41155,486,2013
1644699089,25000,88,32.27420,-100.06505,41735,492,2013
1644699153,25000,88,32.27884,-99.89066,41735,499,2013
1644699216,25000,86,32.28770,-99.71847,41735,498,2013
1644699279,24125,86,32.29678,-99.54913,41735,498,2013
1644699340,24000,86,32.30525,-99.38359,41735,504,2013
1644699402,24000,86,32.31377,-99.21130,1452,509,2013
1644699466,23975,86,32.32243,-99.03227,439,520,2013
1644699527,23475,86,32.33062,-98.85739,42913,524,2013
1644699590,23000,86,32.33876,-98.68107,42888,510,2013
1644699650,22550,86,32.34631,-98.51171,42888,517,2013
1644699713,20250,87,32.35382,-98.33862,40323,507,2013
1644699776,17800,87,32.36093,-98.16940,41155,474,2013
1644699809,16700,87,32.36444,-98.08748,41155,440,2013
1644699842,15000,87,32.36745,-98.00970,41155,421,2013
1644699875,12875,87,32.37047,-97.93347,41155,421,2013
1644699908,12075,87,32.37355,-97.85880,41155,413,2013
1644699943,11525,87,32.37657,-97.78286,42888,388,2013
1644699957,11425,87,32.37767,-97.75190,42888,367,2013
1644699969,11225,87,32.37848,-97.72832,42888,352,2013
1644699979,11075,87,32.37913,-97.70993,2986,338,2013
1644699991,10800,87,32.37996,-97.68845,2986,325,2013
1644700004,10425,87,32.38083,-97.66571,41155,318,2013
1644700016,10050,84,32.38211,-97.64452,41155,316,2013
1644700022,9925,75,32.38339,-97.63665,41155,310,2013
1644700025,9850,70,32.38522,-97.62973,41155,306,2013
1644700028,9800,67,32.38696,-97.62495,41155,303,2013
1644700031,9750,62,32.38889,-97.62056,41155,299,2013
1644700034,9675,56,32.39113,-97.61649,41155,294,2013
1644700037,9650,53,32.39351,-97.61291,41155,291,2013
1644700040,9600,45,32.39658,-97.60908,41155,285,2013
1644700043,9550,45,32.39938,-97.60574,41155,283,2013
1644700046,9500,44,32.40225,-97.60249,41155,280,2013
1644700050,9425,43,32.40492,-97.59946,40323,276,2013
1644700053,9350,43,32.40802,-97.59595,40323,275,2013
1644700056,9300,43,32.41049,-97.59320,40323,274,2013
1644700059,9200,43,32.41365,-97.58963,40323,272,2013
1644700062,9150,43,32.41633,-97.58668,40323,270,2013
1644700065,9100,43,32.41901,-97.58364,40323,269,2013
1644700076,8750,44,32.42945,-97.57166,40323,265,2013
1644700088,8500,44,32.44002,-97.55966,40323,264,2013
1644700101,8225,44,32.45063,-97.54749,40323,263,2013
1644700113,8000,44,32.46143,-97.53511,40323,260,2013
1644700125,7750,53,32.47126,-97.52255,40323,261,2013
1644700128,7700,58,32.47330,-97.51894,40323,263,2013
1644700131,7650,61,32.47461,-97.51622,40323,264,2013
1644700134,7575,66,32.47652,-97.51112,40323,266,2013
1644700137,7525,74,32.47769,-97.50685,40323,270,2013
1644700140,7475,77,32.47842,-97.50316,40323,271,2013
1644700143,7450,80,32.47917,-97.49834,40323,272,2013
1644700146,7375,81,32.47971,-97.49400,40323,272,2013
1644700149,7325,82,32.48024,-97.48931,40323,273,2013
1644700152,7275,83,32.48067,-97.48526,40323,273,2013
1644700155,7225,83,32.48108,-97.48062,40323,273,2013
1644700158,7150,84,32.48150,-97.47614,40323,274,2013
1644700161,7100,84,32.48187,-97.47149,40323,274,2013
1644700164,7025,84,32.48218,-97.46779,40323,274,2013
1644700167,6975,84,32.48252,-97.46358,40323,274,2013
1644700179,6700,84,32.48406,-97.44453,40323,273,2013
1644700191,6475,84,32.48560,-97.42676,40323,271,2013
1644700203,6250,83,32.48708,-97.41016,40323,270,2013
1644700215,6000,83,32.48885,-97.39111,40323,268,2013
1644700227,5775,83,32.49034,-97.37536,40323,259,2013
1644700239,5575,82,32.49193,-97.35826,40323,252,2013
1644700251,5400,77,32.49449,-97.34151,40323,243,2013
1644700263,5225,76,32.49751,-97.32642,40323,236,2013
1644700275,4975,76,32.50068,-97.31157,2494,234,2013
1644700281,4850,76,32.50218,-97.30426,40323,233,2013
1644700287,4750,76,32.50384,-97.29604,40323,231,2013
1644700293,4650,77,32.50529,-97.28866,40323,228,2013
1644700300,4600,77,32.50677,-97.28102,40323,226,2013
1644700305,4575,77,32.50804,-97.27438,40323,226,2013
1644700312,4550,77,32.50955,-97.26653,40323,226,2013
1644700318,4550,77,32.51083,-97.25989,40323,225,2013
1644700324,4475,77,32.51231,-97.25210,40323,225,2013
1644700330,4375,77,32.51362,-97.24526,40323,224,2013
1644700335,4275,77,32.51506,-97.23786,40323,223,2013
1644700342,4125,76,32.51651,-97.23048,40323,223,2013
1644700347,3950,76,32.51784,-97.22379,40323,223,2013
1644700354,3775,76,32.51930,-97.21651,40323,224,2013
1644700360,3675,76,32.52074,-97.20927,40323,224,2013
1644700365,3600,74,32.52219,-97.20269,40323,225,2013
1644700372,3550,69,32.52434,-97.19505,40323,229,2013
1644700374,3500,69,32.52512,-97.19280,40323,229,2013
1644700377,3450,66,32.52676,-97.18813,40323,229,2013
1644700379,3425,65,32.52768,-97.18573,40323,229,2013
1644700383,3350,65,32.52919,-97.18176,2494,228,2013
1644700386,3325,64,32.53006,-97.17962,2494,229,2013
1644700389,3250,64,32.53191,-97.17503,2494,229,2013
1644700392,3200,64,32.53280,-97.17284,2494,228,2013
1644700395,3125,63,32.53396,-97.17004,2494,228,2013
1644700398,3075,63,32.53574,-97.16594,2494,228,2013
1644700401,3025,63,32.53743,-97.16188,2494,228,2013
1644700404,2975,63,32.53867,-97.15902,2494,229,2013
1644700409,2875,63,32.54123,-97.15298,2494,229,2013
1644700416,2800,63,32.54466,-97.14501,2494,229,2013
1644700422,2700,62,32.54760,-97.13825,2494,230,2013
1644700428,2600,63,32.55035,-97.13187,2494,229,2013
1644700434,2575,61,32.55328,-97.12508,2494,225,2013
1644700437,2575,57,32.55454,-97.12256,2494,224,2013
1644700439,2550,55,32.55659,-97.11897,2494,223,2013
1644700443,2550,50,32.55761,-97.11746,37397,221,2013
1644700447,2525,39,32.56160,-97.11299,40323,213,2013
1644700450,2550,33,32.56393,-97.11107,40323,210,2013
1644700453,2550,30,32.56609,-97.10958,40323,207,2013
1644700456,2575,28,32.56824,-97.10815,40323,207,2013
1644700459,2575,28,32.57167,-97.10596,40323,207,2013
1644700462,2550,28,32.57423,-97.10431,40323,207,2013
1644700465,2550,28,32.57680,-97.10266,40323,206,2013
1644700468,2550,29,32.57918,-97.10112,40323,203,2013
1644700471,2525,29,32.58160,-97.09947,40323,197,2013
1644700474,2550,29,32.58398,-97.09782,40323,196,2013
1644700477,2550,30,32.58632,-97.09624,40323,192,2013
1644700483,2550,30,32.59058,-97.09327,40323,190,2013
1644700489,2550,30,32.59560,-97.08983,40323,187,2013
1644700495,2550,30,32.60005,-97.08673,40323,185,2013
1644700501,2550,29,32.60444,-97.08377,40323,186,2013
1644700507,2550,29,32.60907,-97.08064,40323,187,2013
1644700513,2575,28,32.61310,-97.07794,40323,185,2013
1644700519,2550,19,32.61704,-97.07574,40323,185,2013
1644700522,2550,13,32.62022,-97.07464,40323,184,2013
1644700525,2550,9,32.62289,-97.07410,40323,184,2013
1644700528,2550,8,32.62563,-97.07362,40323,182,2013
1644700532,2550,7,32.62725,-97.07335,2223,182,2013
1644700534,2550,7,32.62990,-97.07295,2223,182,2013
1644700538,2550,6,32.63265,-97.07256,1350,182,2013
1644700541,2550,6,32.63654,-97.07207,1350,182,2013
1644700543,2550,6,32.63864,-97.07179,1350,183,2013
1644700547,2550,6,32.64173,-97.07138,1350,184,2013
1644700550,2550,5,32.64415,-97.07111,1350,184,2013
1644700556,2525,5,32.64871,-97.07058,1350,184,2013
1644700562,2550,5,32.65342,-97.07004,1350,182,2013
1644700568,2550,5,32.65956,-97.06937,1350,179,2013
1644700575,2550,5,32.66580,-97.06870,2494,177,2013
1644700581,2550,5,32.67036,-97.06816,2494,177,2013
1644700587,2550,5,32.67531,-97.06761,2494,173,2013
1644700593,2550,5,32.68004,-97.06712,2494,165,2013
1644700599,2525,5,32.68451,-97.06662,2494,163,2013
1644700605,2475,5,32.68903,-97.06612,2494,162,2013
1644700611,2450,4,32.69385,-97.06558,2494,161,2013
1644700618,2425,5,32.69862,-97.06511,42888,160,2013
1644700624,2375,7,32.70296,-97.06448,42888,160,2013
1644700630,2375,8,32.70767,-97.06361,42888,158,2013
1644700636,2375,9,32.71170,-97.06284,42888,159,2013
1644700642,2375,9,32.71650,-97.06185,42888,163,2013
1644700645,2375,9,32.71870,-97.06141,42888,164,2013
1644700651,2375,9,32.72282,-97.06056,42888,163,2013
1644700657,2400,9,32.72754,-97.05965,42888,161,2013
1644700663,2475,9,32.73204,-97.05877,42888,161,2013
1644700669,2525,9,32.73637,-97.05789,42888,162,2013
1644700675,2525,8,32.74093,-97.05709,42888,163,2013
1644700681,2550,5,32.74553,-97.05641,42888,162,2013
1644700684,2525,4,32.74773,-97.05619,42888,162,2013
1644700688,2525,4,32.74979,-97.05602,42888,162,2013
1644700690,2550,3,32.75235,-97.05586,42888,163,2013
1644700693,2550,2,32.75448,-97.05575,42888,163,2013
1644700696,2550,2,32.75633,-97.05564,42888,162,2013
1644700699,2550,1,32.75880,-97.05559,42888,164,2013
1644700702,2525,1,32.75990,-97.05553,42888,164,2013
1644700706,2500,1,32.76393,-97.05541,1350,162,2013
1644700709,2450,1,32.76626,-97.05541,1350,161,2013
1644700715,2350,1,32.77045,-97.05535,1350,159,2013
1644700721,2275,1,32.77496,-97.05535,1350,156,2013
1644700727,2200,1,32.77904,-97.05537,1350,155,2013
1644700733,2100,1,32.78381,-97.05535,1350,155,2013
1644700739,2025,1,32.78809,-97.05530,1350,153,2013
1644700745,1925,1,32.79240,-97.05525,1350,150,2013
1644700751,1800,359,32.79652,-97.05525,1350,147,2013
1644700757,1750,359,32.80047,-97.05524,1350,143,2013
1644700763,1675,359,32.80443,-97.05524,1350,142,2013
1644700769,1550,359,32.80834,-97.05524,1350,142,2013
1644700775,1475,1,32.81227,-97.05514,1350,141,2013
1644700781,1400,359,32.81621,-97.05514,1350,138,2013
1644700787,1325,360,32.81987,-97.05514,1350,138,2013
1644700793,1250,360,32.82366,-97.05513,1350,138,2013
1644700799,1175,360,32.82766,-97.05513,1350,138,2013
1644700805,1100,360,32.83154,-97.05509,1350,138,2013
1644700811,1000,360,32.83543,-97.05507,1350,138,2013
1644700817,950,360,32.83910,-97.05504,1350,139,2013
1644700823,875,360,32.84253,-97.05504,1350,141,2013
1644700829,775,1,32.84688,-97.05498,1350,141,2013
1644700835,700,360,32.85038,-97.05502,1350,142,2013
1644700841,625,360,32.85503,-97.05496,1350,140,2013
1644700847,575,360,32.85871,-97.05490,1350,141,2013
1644700853,500,359,32.86198,-97.05492,1350,143,2013
1644700859,400,360,32.86653,-97.05490,1350,142,2013
1644700865,325,360,32.86926,-97.05487,2223,140,2013
1644700872,225,359,32.87477,-97.05479,2223,140,2013
1644700879,125,360,32.87933,-97.05482,15904,138,2013
1644700888,100,360,32.88520,-97.05479,42823,130,2013
1644700894,100,360,32.88864,-97.05479,42823,119,2013
1644700900,0,1,32.89140,-97.05475,42823,86,2013
1644700907,0,1,32.89387,-97.05475,42823,68,2013
1644700913,0,1,32.89554,-97.05475,42823,57,2013
1644700921,0,2,32.89716,-97.05471,2223,44,2013
1644700925,0,11,32.89805,-97.05456,42823,40,2013
1644700926,0,14,32.89833,-97.05448,42823,39,2013
1644700931,0,25,32.89910,-97.05413,42823,37,2013
1644700939,0,25,32.90026,-97.05338,42823,35,2013
1644700940,0,25,32.90049,-97.05324,42823,35,2013
1644700947,0,11,32.90152,-97.05280,42823,35,2013
1644700954,0,1,32.90259,-97.05276,42823,34,2013
1644700965,0,1,32.90432,-97.05275,42823,33,2013
1644700969,0,1,32.90496,-97.05275,42823,33,2013
1644700979,0,1,32.90655,-97.05274,42823,32,2013
1644700986,0,1,32.90757,-97.05271,42823,31,2013
1644700992,0,1,32.90837,-97.05271,42823,30,2013
1644700994,0,354,32.90876,-97.05272,42823,29,2013
1644701001,0,5,32.90956,-97.05269,42823,23,2013
1644701003,0,11,32.90978,-97.05263,42823,21,2013
1644701006,0,33,32.91002,-97.05245,42823,20,2013
1644701008,0,56,32.91014,-97.05223,42823,20,2013
1644701011,0,75,32.91016,-97.05199,42823,20,2013
1644701014,0,90,32.91016,-97.05166,42823,20,2013
1644701017,0,90,32.91015,-97.05121,42823,24,2013
1644701019,0,90,32.91015,-97.05098,42823,25,2013
1644701020,0,90,32.91015,-97.05076,42823,27,2013
1644701022,0,90,32.91015,-97.05045,42823,28,2013
1644701024,0,90,32.91014,-97.05013,42823,29,2013
1644701026,0,90,32.91014,-97.04982,42823,30,2013
1644701028,0,90,32.91014,-97.04946,42823,30,2013
1644701034,0,90,32.91014,-97.04853,42823,31,2013
1644701040,0,90,32.91013,-97.04747,42823,32,2013
1644701046,0,90,32.91012,-97.04627,42823,34,2013
1644701052,0,90,32.91011,-97.04504,42823,34,2013
1644701061,0,90,32.91010,-97.04347,42823,33,2013
1644701067,0,90,32.91011,-97.04234,42823,30,2013
1644701073,0,90,32.91011,-97.04133,42823,29,2013
1644701079,0,90,32.91011,-97.04038,42823,28,2013
1644701085,0,90,32.91009,-97.03947,42823,28,2013
1644701091,0,90,32.91009,-97.03852,42823,28,2013
1644701097,0,90,32.91009,-97.03763,42823,26,2013
1644701103,0,90,32.91009,-97.03676,42823,25,2013
1644701109,0,90,32.91009,-97.03599,42823,22,2013
1644701115,0,90,32.91008,-97.03527,42823,20,2013
1644701121,0,90,32.91008,-97.03458,42823,20,2013
1644701128,0,92,32.91007,-97.03387,42823,19,2013
1644701132,0,106,32.90997,-97.03346,42823,19,2013
1644701134,0,126,32.90982,-97.03326,42823,19,2013
1644701138,0,160,32.90953,-97.03309,42823,19,2013
1644701141,0,177,32.90929,-97.03309,42823,19,2013
1644701144,0,182,32.90901,-97.03309,42823,19,2013
1644701147,0,182,32.90872,-97.03310,42823,19,2013
1644701150,0,180,32.90848,-97.03310,42823,20,2013
1644701152,0,180,32.90821,-97.03310,42823,20,2013
1644701155,0,180,32.90796,-97.03311,42823,21,2013
1644701161,0,180,32.90730,-97.03312,42823,22,2013
1644701167,0,180,32.90669,-97.03312,42823,22,2013
1644701173,0,180,32.90609,-97.03312,42823,23,2013
1644701179,0,180,32.90538,-97.03313,42823,23,2013
1644701185,0,180,32.90472,-97.03313,42823,24,2013
1644701191,0,180,32.90401,-97.03313,42823,25,2013
1644701198,0,180,32.90328,-97.03313,42823,24,2013
1644701204,0,180,32.90252,-97.03314,42823,24,2013
1644701211,0,180,32.90182,-97.03314,42823,23,2013
1644701220,0,180,32.90084,-97.03314,42823,23,2013
1644701226,0,180,32.90014,-97.03316,42823,22,2013
1644701232,0,180,32.89952,-97.03316,42823,22,2013
1644701239,0,180,32.89886,-97.03316,42823,21,2013
1644701245,0,180,32.89829,-97.03316,42823,19,2013
1644701250,0,180,32.89783,-97.03316,42823,16,2013
1644701256,0,182,32.89740,-97.03317,42823,16,2013
1644701260,0,185,32.89716,-97.03320,42823,16,2013
1644701262,0,196,32.89694,-97.03328,42823,16,2013
1644701266,0,208,32.89671,-97.03343,42823,17,2013
1644701270,0,219,32.89641,-97.03371,42823,17,2013
1644701274,0,230,32.89624,-97.03393,42823,17,2013
1644701277,0,239,32.89611,-97.03419,42823,17,2013
1644701280,0,236,32.89599,-97.03441,42823,17,2013
1644701282,0,230,32.89584,-97.03463,42823,16,2013
1644701286,0,225,32.89562,-97.03487,42823,16,2013
1644701290,0,222,32.89539,-97.03509,42823,15,2013
1644701296,0,222,32.89515,-97.03535,42823,13,2013
1644701300,0,225,32.89499,-97.03556,42823,9,2013
1644701307,0,236,32.89486,-97.03577,42823,8,2013
1644701313,0,267,32.89489,-97.03600,42823,7,2013
1644701324,0,303,32.89505,-97.03621,42823,3,2013
1644701362,0,309,32.89520,-97.03642,42823,1,2013
