snapshot_id,altitude,heading,latitude,longitude,radar_id,speed,squawk
1644685510,0,219,33.93375,-118.38228,33581,0,0000
1644685635,0,250,33.93396,-118.38219,33581,1,7737
1644685662,0,270,33.93407,-118.38199,33581,1,7737
1644685682,0,286,33.93409,-118.38178,33581,2,7737
1644685703,0,315,33.93409,-118.38153,33581,2,7737
1644685727,0,351,33.93399,-118.38132,33581,2,7737
1644685788,0,340,33.93420,-118.38129,33581,2,7737
1644685806,0,340,33.93441,-118.38128,33581,3,7737
1644685823,0,336,33.93462,-118.38129,33581,2,7737
1644685845,0,31,33.93483,-118.38127,30300,1,7737
1644686096,0,347,33.93506,-118.38129,19609,6,7737
1644686104,0,2,33.93536,-118.38127,19609,9,7737
1644686112,0,2,33.93562,-118.38126,19609,6,7737
1644686121,0,2,33.93589,-118.38125,19609,6,7737
1644686133,0,340,33.93612,-118.38135,34929,4,7737
1644686146,0,309,33.93623,-118.38158,33581,4,7737
1644686158,0,284,33.93623,-118.38179,33581,2,7737
1644686248,0,150,33.93509,-118.38129,2801,0,7737
1644686278,0,212,33.93626,-118.38185,2801,0,7737
1644686308,0,107,33.93623,-118.38176,2801,0,7737
1644686528,0,125,33.93731,-118.38343,2801,0,7737
1644686577,0,264,33.93702,-118.38638,2801,65,7737
1644686602,125,263,33.93537,-118.40252,2801,153,7737
1644686609,425,263,33.93480,-118.40874,566,152,7737
1644686617,650,262,33.93407,-118.41602,2120,160,7737
1644686623,875,263,33.93352,-118.42152,2120,162,7737
1644686628,1100,263,33.93297,-118.42712,2163,162,7737
1644686634,1300,263,33.93269,-118.43071,2163,166,7737
1644686641,1450,261,33.93197,-118.43731,3393,174,7737
1644686648,1650,260,33.93109,-118.44428,1451,185,7737
1644686654,1800,262,33.93018,-118.45134,1451,194,7737
1644686660,1925,262,33.92946,-118.45831,309,204,7737
1644686668,2025,265,33.92871,-118.46718,3393,220,7737
1644686676,2175,266,33.92811,-118.47800,14630,238,7737
1644686680,2275,267,33.92797,-118.48206,30300,244,7737
1644686681,2300,268,33.92789,-118.48430,2818,245,7737
1644686685,2425,268,33.92780,-118.48929,309,247,7737
1644686687,2500,268,33.92770,-118.49366,2818,256,7737
1644686693,2700,268,33.92750,-118.50076,2818,266,7737
1644686699,2900,267,33.92709,-118.51147,2818,274,7737
1644686705,3225,265,33.92665,-118.51972,2818,278,7737
1644686711,3675,264,33.92596,-118.52914,2818,277,7737
1644686717,4125,264,33.92522,-118.53905,2818,279,7737
1644686723,4450,264,33.92443,-118.54849,2818,286,7737
1644686729,4750,263,33.92363,-118.55801,2818,291,7737
1644686736,5000,263,33.92271,-118.56776,309,302,7737
1644686748,5550,263,33.92094,-118.58574,309,316,7737
1644686760,6850,264,33.91885,-118.60925,309,298,7737
1644686772,7925,265,33.91740,-118.63004,309,289,7737
1644686781,8750,268,33.91675,-118.64610,3393,285,7737
1644686794,9600,271,33.91680,-118.66464,2541,286,7737
1644686806,10300,271,33.91731,-118.68308,42923,292,7737
1644686818,10900,270,33.91768,-118.70224,42923,300,7737
1644686831,11375,269,33.91772,-118.72123,42923,319,7737
1644686843,11625,269,33.91763,-118.74780,42923,341,7737
1644686855,11700,269,33.91754,-118.77130,566,367,7737
1644686867,11725,269,33.91736,-118.79707,566,379,7737
1644686879,11750,269,33.91712,-118.82257,566,382,7737
1644686891,11775,269,33.91704,-118.84551,42923,383,7737
1644686903,12425,271,33.91726,-118.87047,42923,369,7737
1644686930,13325,281,33.92056,-118.92728,42923,395,7737
1644686933,13500,283,33.92224,-118.93576,42923,396,7737
1644686936,13700,288,33.92387,-118.94211,42923,397,7737
1644686939,13900,291,33.92455,-118.94427,42923,400,7737
1644686942,14050,294,33.92656,-118.95049,42923,402,7737
1644686945,14200,297,33.93039,-118.96013,42923,402,7737
1644686948,14375,298,33.93306,-118.96562,42923,403,7737
1644686951,14575,304,33.93622,-118.97140,42923,401,7737
1644686955,14775,308,33.94080,-118.97874,309,402,7737
1644686960,15000,311,33.94675,-118.98709,42923,403,7737
1644686963,15125,312,33.95050,-118.99208,42923,404,7737
1644686965,15225,312,33.95229,-118.99438,42923,404,7737
1644686969,15375,313,33.95753,-119.00099,42923,405,7737
1644686972,15450,314,33.96281,-119.00755,42923,405,7737
1644686975,15525,314,33.96354,-119.00842,42923,405,7737
1644686978,15575,314,33.96865,-119.01466,42923,404,7737
1644686981,15625,314,33.97398,-119.02117,42923,403,7737
1644687014,15775,313,34.01749,-119.07532,42923,401,7737
1644687047,16450,312,34.05836,-119.12922,42923,402,7737
1644687080,16800,312,34.10051,-119.18540,42923,404,7737
1644687111,17650,311,34.13620,-119.23347,566,396,7737
1644687143,18925,311,34.17810,-119.28972,4332,410,7737
1644687204,19050,311,34.25598,-119.39426,566,409,7737
1644687264,22050,311,34.33316,-119.49818,42465,427,7737
1644687326,23100,311,34.41664,-119.61073,42923,439,7737
1644687388,26175,311,34.50103,-119.72495,42780,451,7737
1644687451,29600,311,34.58963,-119.84526,42983,464,7737
1644687514,32875,311,34.68178,-119.97104,42983,465,7737
1644687574,36575,311,34.76408,-120.08360,2216,435,7737
1644687638,38800,311,34.84868,-120.19984,41830,432,7737
1644687699,40000,311,34.92769,-120.30859,41830,436,7737
1644687761,40025,311,35.01157,-120.42429,2662,439,7737
1644687824,40000,311,35.09759,-120.54348,41830,440,7737
1644687887,40000,311,35.18276,-120.66206,42983,440,7737
1644687949,40000,311,35.26469,-120.77653,4204,440,7737
1644688011,40000,310,35.34884,-120.89437,2216,442,7737
1644688074,40000,310,35.43292,-121.01241,2216,441,7737
1644688136,40000,310,35.51669,-121.13120,2332,442,7737
1644688196,40000,312,35.59653,-121.24597,2332,443,7737
1644688214,40000,320,35.62215,-121.27522,2332,444,7737
1644688217,40000,322,35.62764,-121.28047,2332,444,7737
1644688221,40000,324,35.63327,-121.28555,2332,445,7737
1644688224,39975,325,35.63484,-121.28694,2332,444,7737
1644688228,40000,327,35.64482,-121.29507,41659,445,7737
1644688231,39975,329,35.65100,-121.29965,41659,446,7737
1644688233,40000,330,35.65557,-121.30286,41659,446,7737
1644688236,40000,331,35.66125,-121.30662,41659,446,7737
1644688239,40000,332,35.66643,-121.30989,41659,446,7737
1644688243,40000,333,35.66814,-121.31097,41659,446,7737
1644688248,40000,332,35.68112,-121.31911,2332,446,7737
1644688310,40000,333,35.79799,-121.39137,2332,447,7737
1644688374,40000,333,35.91352,-121.46280,2332,446,7737
1644688436,40000,333,36.02966,-121.53526,2332,445,7737
1644688500,40000,333,36.14693,-121.60854,2332,446,7737
1644688563,40000,333,36.26294,-121.68130,2332,445,7737
1644688626,40000,332,36.37755,-121.75341,2332,446,7737
1644688688,40000,332,36.49249,-121.82599,492,446,7737
1644688748,40000,332,36.60402,-121.89670,492,448,7737
1644688812,40000,332,36.72176,-121.97153,492,448,7737
1644688872,40000,332,36.83363,-122.04288,492,448,7737
1644688935,40000,332,36.94958,-122.11704,2332,450,7737
1644688998,40000,332,37.06613,-122.19187,42465,453,7737
1644689061,40000,332,37.18391,-122.26778,42465,453,7737
1644689124,40000,332,37.30049,-122.34322,42465,453,7737
1644689187,40000,332,37.41774,-122.41931,42465,454,7737
1644689249,40000,332,37.53614,-122.49642,2216,453,7737
1644689313,40000,332,37.65317,-122.57288,41535,454,7737
1644689374,40000,332,37.76741,-122.64778,41535,455,7737
1644689435,40000,332,37.88105,-122.72254,41535,455,7737
1644689496,40000,332,37.99482,-122.79771,41535,456,7737
1644689557,40000,332,38.10951,-122.87378,41535,456,7737
1644689618,40000,332,38.22295,-122.94929,41535,456,7737
1644689681,40000,332,38.34210,-123.02885,41535,457,7737
1644689741,40000,332,38.45453,-123.10413,41659,458,7737
1644689805,40000,332,38.57304,-123.18378,2332,457,7737
1644689866,40000,332,38.68589,-123.26001,2216,457,7737
1644689927,40000,332,38.80115,-123.33813,41535,457,7737
1644689985,40000,331,38.90932,-123.41169,42465,457,7737
1644690051,40000,331,39.03391,-123.49670,41535,457,7737
1644690111,40000,331,39.14566,-123.57320,42906,459,7737
1644690172,40000,331,39.26079,-123.65243,41535,460,7737
1644690235,40000,331,39.37866,-123.73382,41659,460,7737
1644690299,40000,331,39.49791,-123.81640,2359,460,7737
1644690362,40000,331,39.61554,-123.89825,41659,461,7737
1644690424,40000,331,39.73289,-123.98016,42755,460,7737
1644690486,40000,331,39.84806,-124.06104,41535,459,7737
1644690547,40000,331,39.96314,-124.14208,40682,460,7737
1644690608,40000,331,40.07715,-124.22253,42021,459,7737
1644690672,40000,331,40.19609,-124.30687,41414,460,7737
1644690733,40000,331,40.31107,-124.38870,42021,460,7737
1644690797,40000,331,40.43042,-124.47400,42755,460,7737
1644690857,40000,331,40.54243,-124.55450,4204,460,7737
1644690921,40000,331,40.66109,-124.64002,2964,459,7737
1644690984,40000,331,40.77708,-124.72388,1386,458,7737
1644691047,40000,331,40.89465,-124.80937,1386,456,7737
1644691110,40000,331,41.01159,-124.89470,1386,456,7737
1644691171,40000,330,41.12248,-124.97591,42755,455,7737
1644691232,40000,330,41.23406,-125.05800,42755,454,7737
1644691295,40000,330,41.35112,-125.14429,42100,455,7737
1644691355,40000,330,41.46268,-125.22710,4445,456,7737
1644691419,40000,330,41.57976,-125.31428,42100,457,7737
1644691480,40000,330,41.69170,-125.39783,42100,457,7737
1644691543,40000,330,41.80852,-125.48546,42100,458,7737
1644691604,40000,330,41.92076,-125.57018,42100,459,7737
1644691667,40000,330,42.03732,-125.65842,4445,459,7737
1644691728,40000,330,42.15184,-125.74533,2335,460,7737
1644691792,40000,330,42.26915,-125.83491,4490,459,7737
1644691854,40000,330,42.38330,-125.92236,3504,460,7737
1644691915,40000,330,42.49585,-126.00900,2335,460,7737
1644691976,40000,330,42.60892,-126.09652,2335,461,7737
1644692036,40000,332,42.72192,-126.18226,2335,461,7737
1644692098,40000,334,42.83849,-126.25948,2335,461,7737
1644692110,40000,334,42.86279,-126.27535,2335,461,7737
1644692265,40000,334,43.16081,-126.47115,40228,460,7737
1644692327,40000,334,43.27971,-126.55001,40228,460,7737
1644692389,40000,334,43.39783,-126.62855,42100,458,7737
1644692465,40000,333,43.54170,-126.72512,40228,457,7737
1644692525,40000,333,43.65688,-126.80318,3504,457,7737
1644692588,40000,333,43.77530,-126.88346,3504,455,7737
1644692650,40000,333,43.89194,-126.96312,3504,455,7737
1644692711,40000,333,44.00738,-127.04232,40228,455,7737
1644692773,40000,333,44.12503,-127.12325,40228,456,7737
1644692833,40000,333,44.23738,-127.20098,41004,457,7737
1644692894,40000,333,44.35432,-127.28210,326,456,7737
1644692957,40000,333,44.47165,-127.36398,40228,456,7737
1644693017,40000,333,44.58601,-127.44415,41004,455,7737
1644693079,40000,333,44.70158,-127.52576,40228,453,7737
1644693140,40000,333,44.81644,-127.60673,40228,453,7737
1644693201,40000,333,44.92896,-127.68651,326,453,7737
1644693261,40000,333,45.04179,-127.76714,326,452,7737
1644693322,40000,333,45.15525,-127.84850,40228,453,7737
1644693385,40000,332,45.27319,-127.93324,41004,455,7737
1644693446,40000,332,45.38731,-128.01584,41004,458,7737
1644693507,40000,332,45.50221,-128.09941,41004,458,7737
1644693568,40000,332,45.61705,-128.18320,41004,458,7737
1644693629,40000,332,45.73279,-128.26799,41004,458,7737
1644693690,40000,332,45.84730,-128.35231,41004,458,7737
1644693753,40000,332,45.96656,-128.44067,40228,459,7737
1644693815,40000,332,46.08339,-128.52757,41004,459,7737
1644693877,40000,332,46.20044,-128.61500,40228,456,7737
1644693940,40000,332,46.31690,-128.70256,41004,452,7737
1644694004,40000,332,46.43468,-128.79138,40228,450,7737
1644694065,40000,332,46.54752,-128.87694,40228,449,7737
1644694126,40000,332,46.65828,-128.96137,2745,448,7737
1644694189,40000,332,46.77484,-129.05063,41004,445,7737
1644694250,40000,332,46.88616,-129.13626,2745,446,7737
1644694311,40000,332,46.99795,-129.22270,41004,447,7737
1644694372,40000,332,47.10873,-129.30875,41004,449,7737
1644694434,40000,331,47.22153,-129.39670,2745,450,7737
1644694497,40000,331,47.33850,-129.48853,2745,452,7737
1644694560,40000,332,47.45526,-129.58000,2745,453,7737
1644694621,40000,331,47.56805,-129.66910,41004,451,7737
1644694684,40000,331,47.68164,-129.75995,2745,446,7737
1644694745,40000,331,47.79272,-129.84889,2745,442,7737
1644694807,40000,331,47.90295,-129.93721,2745,442,7737
1644694867,40000,331,48.01236,-130.02533,41004,442,7737
1644694930,40000,331,48.12428,-130.11575,2745,442,7737
1644694992,40000,331,48.23631,-130.20685,2745,441,7737
1644695055,40000,331,48.34854,-130.29869,2745,439,7737
1644695118,40000,331,48.46167,-130.39166,2745,439,7737
1644695182,40000,331,48.57468,-130.48497,2745,439,7737
1644695246,40000,331,48.68829,-130.57916,2745,438,7737
1644695306,40000,331,48.79514,-130.66850,2745,437,7737
1644695368,40000,331,48.90413,-130.75970,2745,436,7737
1644695430,40000,330,49.01335,-130.85196,2745,437,7737
1644695492,40000,330,49.12294,-130.94478,2745,438,7737
1644695553,40000,330,49.23174,-131.03740,2745,438,7737
1644695614,40000,330,49.33882,-131.12929,2745,440,7737
1644695678,40000,330,49.45202,-131.22656,2745,441,7737
1644695739,40000,330,49.56029,-131.32030,2745,441,7737
1644695761,40000,330,49.57256,-131.33093,2745,441,7737
1644695830,40000,330,49.66748,-131.43253,5798,440,7737
1644695890,40000,332,49.75691,-131.52260,5798,440,7737
1644695944,40000,330,49.92613,-131.64006,41536,443,7737
1644696037,40000,329,50.09021,-131.78613,41536,444,7737
1644696098,40000,329,50.19998,-131.88530,41536,444,7737
1644696108,40000,329,50.21753,-131.90126,41536,444,7737
1644696196,40000,327,50.36852,-132.05089,41536,441,7737
1644696229,40000,327,50.42464,-132.10629,41536,441,7737
1644696299,40000,328,50.52942,-132.21037,5798,440,7737
1644696386,40000,327,50.69527,-132.37427,41536,438,7737
1644696449,40000,327,50.80211,-132.48161,41536,440,7737
1644696510,40000,327,50.90599,-132.58629,41536,442,7737
1644696573,40000,327,51.01590,-132.69775,41536,443,7737
1644696633,40000,327,51.11934,-132.80342,41536,442,7737
1644696696,40000,326,51.22751,-132.91460,41536,442,7737
1644696757,40000,326,51.33115,-133.02179,41536,446,7737
1644696819,40000,327,51.43904,-133.13380,41536,449,7737
1644696880,40000,326,51.54469,-133.24409,41536,448,7737
1644696943,40000,326,51.65380,-133.35869,41536,446,7737
1644697005,40000,326,51.76153,-133.47260,41536,444,7737
1644697069,40000,326,51.87018,-133.58826,41536,444,7737
1644697131,40000,326,51.97669,-133.70204,41536,443,7737
1644697195,40000,326,52.08581,-133.81943,41536,443,7737
1644697255,40000,326,52.18780,-133.92978,41536,443,7737
1644697318,40000,326,52.29506,-134.04646,41536,441,7737
1644697381,40000,326,52.40106,-134.16244,41536,440,7737
1644697444,40000,325,52.50785,-134.27992,41536,442,7737
1644697504,40000,325,52.60995,-134.39293,41536,444,7737
1644697568,40000,325,52.71804,-134.51338,41536,446,7737
1644697631,40000,325,52.82579,-134.63409,41536,445,7737
1644697694,40000,325,52.93282,-134.75479,41536,444,7737
1644697758,40000,325,53.03979,-134.87602,41536,443,7737
1644697821,40000,325,53.14641,-134.99782,41536,442,7737
1644697884,40000,325,53.25227,-135.11931,41536,442,7737
1644697947,40000,325,53.35780,-135.24138,41536,441,7737
1644698010,40000,325,53.46295,-135.36372,41536,441,7737
1644698073,40000,325,53.56896,-135.48752,41536,442,7737
1644698134,40000,324,53.66989,-135.60643,41536,442,7737
1644698198,40000,324,53.77743,-135.73373,41536,442,7737
1644698260,40000,324,53.88144,-135.85763,41536,441,7737
1644698323,40000,322,53.98454,-135.98254,41536,438,7737
1644698385,40000,317,54.07876,-136.12141,41536,435,7737
1644698446,40000,317,54.16935,-136.26205,41536,436,7737
1644698529,40000,317,54.29313,-136.45502,41536,438,7737
1644698545,40000,317,54.31687,-136.49214,41536,438,7737
1644698656,40000,317,54.48316,-136.75465,41536,440,7737
1644698718,40000,317,54.57655,-136.90338,41536,443,7737
1644698779,40000,317,54.66820,-137.05040,41536,444,7737
1644698841,40000,316,54.76056,-137.19968,41536,442,7737
1644698865,40000,316,54.79590,-137.25685,41536,442,7737
1644698953,40000,316,54.92743,-137.47136,41536,441,7737
1644699016,40000,316,55.01967,-137.62323,41536,440,7737
1644699078,40000,316,55.11012,-137.77280,41536,438,7737
1644699106,40000,316,55.15224,-137.84288,41536,439,7737
1644699148,40000,316,55.21381,-137.94579,41536,439,7737
1644699245,40000,316,55.35471,-138.18272,41536,440,7737
1644699259,40000,316,55.37635,-138.21924,41536,441,7737
1644699348,40000,315,55.50641,-138.44038,41536,443,7737
1644699359,40000,315,55.52147,-138.46619,41536,442,7737
1644699419,40000,315,55.59605,-138.63117,5798,440,7737
1644699479,40000,320,55.67828,-138.79385,5798,440,7737
1644699539,40000,315,55.76100,-138.94842,5798,440,7737
1644699600,40000,312,55.84528,-139.11064,5798,440,7737
1644699660,40000,315,55.92957,-139.26753,5798,440,7737
1644699722,40000,315,56.01456,-139.42244,5798,440,7737
1644699784,40000,312,56.10049,-139.58479,5798,440,7737
1644699845,40000,309,56.17659,-139.73978,5798,440,7737
1644699904,40000,321,56.26032,-139.88754,5798,440,7737
1644699965,40000,313,56.34619,-140.04619,5798,440,7737
1644700023,40000,332,56.44537,-140.18324,5798,440,7737
1644700103,40000,321,56.56364,-140.34735,5798,440,7737
1644700161,40000,313,56.64893,-140.48195,5798,440,7737
1644700210,40000,297,56.71154,-140.62605,5798,440,7737
1644700270,40000,316,56.79131,-140.79434,5798,440,7737
1644700331,40000,313,56.87218,-140.96686,5798,440,7737
1644700392,40000,313,56.95264,-141.13773,5798,440,7737
1644700452,40000,313,57.03407,-141.30839,5798,440,7737
1644700512,40000,329,57.13263,-141.46419,5798,440,7737
1644700569,40000,313,57.22497,-141.62025,5798,440,7737
1644700634,40000,313,57.31965,-141.79044,5798,450,7737
1644700687,40000,313,57.39861,-141.93968,5798,450,7737
1644700746,40000,313,57.48367,-142.10533,5798,450,7737
1644700824,40000,316,57.59116,-142.31030,5798,450,7737
1644700883,40000,314,57.67129,-142.46785,5798,450,7737
1644700941,40000,314,57.75166,-142.62807,5798,440,7737
1644700999,40000,307,57.82558,-142.79185,5798,440,7737
1644701058,40000,314,57.90473,-142.96249,5798,440,7737
1644701117,40000,314,57.98443,-143.13045,5798,440,7737
1644701176,40000,311,58.06495,-143.30446,5798,440,7737
1644701234,40000,314,58.14628,-143.47523,5798,440,7737
1644701292,40000,314,58.23050,-143.64825,5798,440,7737
1644701350,40000,311,58.31249,-143.82165,5798,440,7737
1644701408,40000,308,58.38948,-143.99666,5798,440,7737
1644701467,40000,312,58.46853,-144.17600,5798,440,7737
1644701545,40000,314,58.56121,-144.37633,5798,440,7737
1644701606,40000,312,58.63712,-144.54147,5798,440,7737
1644701662,40000,314,58.71400,-144.70201,5798,440,7737
1644701719,40000,315,58.79342,-144.86359,5798,450,7737
1644701779,40000,312,58.87767,-145.04005,5798,460,7737
1644701868,40000,315,59.05243,-145.35370,42197,462,7737
1644701930,40000,314,59.14710,-145.53790,42197,464,7737
1644701993,40000,314,59.24280,-145.72578,42197,467,7737
1644702055,40000,314,59.33599,-145.91019,42197,469,7737
1644702117,40000,314,59.43082,-146.09921,40012,475,7737
1644702177,40000,314,59.52333,-146.28525,40012,475,7737
1644702239,40000,314,59.61805,-146.47731,40012,475,7737
1644702300,40000,313,59.71147,-146.66849,41579,475,7737
1644702362,40000,313,59.80490,-146.86130,40012,474,7737
1644702422,40000,313,59.89659,-147.05228,40012,477,7737
1644702484,40000,313,59.99010,-147.24847,40012,477,7737
1644702545,38875,313,60.08226,-147.44363,40012,481,7737
1644702606,35375,313,60.17587,-147.64346,40012,474,7737
1644702670,32000,312,60.26926,-147.84520,40012,465,7737
1644702731,29325,313,60.35559,-148.03262,40012,432,7737
1644702794,26650,312,60.43698,-148.21124,42710,400,7737
1644702856,24150,312,60.51302,-148.38037,40012,393,7737
1644702918,21700,311,60.58676,-148.54369,40012,376,7737
1644702978,19350,312,60.65841,-148.70407,40012,382,7737
1644703040,17100,311,60.72981,-148.86513,40012,375,7737
1644703073,16075,312,60.76840,-148.95302,40012,366,7737
1644703107,15075,311,60.80562,-149.03787,40012,358,7737
1644703137,14150,311,60.83907,-149.11420,40012,351,7737
1644703171,13100,306,60.87460,-149.19812,40012,345,7737
1644703202,12125,308,60.90257,-149.27830,40012,336,7737
1644703233,11200,309,60.93292,-149.35384,40012,330,7737
1644703245,11050,309,60.94487,-149.38347,40012,320,7737
1644703257,10900,309,60.95613,-149.41132,40012,310,7737
1644703269,10775,309,60.96657,-149.43707,40012,301,7737
1644703282,10625,310,60.97771,-149.46419,40012,292,7737
1644703294,10500,310,60.98827,-149.48979,40012,282,7737
1644703304,10375,310,60.99710,-149.51096,3076,275,7737
1644703316,10250,310,61.00699,-149.53462,3076,266,7737
1644703329,10125,310,61.01656,-149.55745,3076,261,7737
1644703341,10000,310,61.02640,-149.58104,3076,258,7737
1644703353,9850,297,61.03459,-149.60593,3076,255,7737
1644703356,9800,294,61.03599,-149.61202,3076,255,7737
1644703360,9750,292,61.03752,-149.61929,3076,254,7737
1644703363,9700,291,61.03878,-149.62584,3076,253,7737
1644703365,9625,290,61.03999,-149.63255,3076,253,7737
1644703369,9575,290,61.04118,-149.63910,3076,252,7737
1644703372,9475,290,61.04246,-149.64615,3076,253,7737
1644703374,9375,290,61.04366,-149.65292,3076,253,7737
1644703378,9300,290,61.04493,-149.66008,3076,254,7737
1644703381,9200,290,61.04617,-149.66704,3076,255,7737
1644703393,8975,290,61.05121,-149.69539,3076,253,7737
1644703405,8825,290,61.05591,-149.72157,3076,252,7737
1644703417,8725,290,61.06096,-149.74974,3076,251,7737
1644703429,8525,290,61.06581,-149.77641,3076,248,7737
1644703442,8250,290,61.07089,-149.80399,42710,246,7737
1644703451,8000,279,61.07370,-149.82503,42710,244,7737
1644703454,7925,276,61.07407,-149.83124,42710,243,7737
1644703457,7850,273,61.07435,-149.83754,42710,243,7737
1644703460,7775,272,61.07455,-149.84596,42710,243,7737
1644703463,7700,271,61.07465,-149.85292,42710,243,7737
1644703466,7625,270,61.07469,-149.86009,42710,243,7737
1644703469,7525,270,61.07472,-149.86775,42710,243,7737
1644703473,7450,270,61.07472,-149.87427,42710,243,7737
1644703475,7375,270,61.07477,-149.88118,42710,243,7737
1644703488,7075,270,61.07491,-149.90895,42710,243,7737
1644703500,6800,271,61.07520,-149.93806,42710,242,7737
1644703512,6550,271,61.07551,-149.96602,42710,241,7737
1644703525,6250,271,61.07584,-149.99461,42710,240,7737
1644703537,5975,271,61.07616,-150.02263,42710,240,7737
1644703549,5650,271,61.07652,-150.05067,42710,240,7737
1644703562,5375,271,61.07689,-150.07707,42710,241,7737
1644703574,5150,271,61.07735,-150.10738,42710,241,7737
1644703586,4950,271,61.07779,-150.13489,42710,239,7737
1644703592,4875,272,61.07803,-150.14887,42710,238,7737
1644703598,4775,272,61.07826,-150.16113,42710,237,7737
1644703604,4675,272,61.07858,-150.17664,42710,236,7737
1644703609,4600,272,61.07877,-150.18687,42710,235,7737
1644703618,4425,272,61.07918,-150.20685,40012,233,7737
1644703624,4275,272,61.07950,-150.22078,40012,232,7737
1644703630,4150,272,61.07977,-150.23441,40012,231,7737
1644703636,4000,272,61.08003,-150.24791,40012,228,7737
1644703642,3800,271,61.08023,-150.26070,40012,226,7737
1644703648,3625,272,61.08045,-150.27324,40012,225,7737
1644703654,3425,272,61.08073,-150.28656,40012,224,7737
1644703661,3225,275,61.08115,-150.30040,40012,223,7737
1644703664,3125,279,61.08166,-150.30690,40012,224,7737
1644703667,3000,284,61.08247,-150.31328,40012,226,7737
1644703670,2875,290,61.08357,-150.31946,40012,230,7737
1644703673,2775,297,61.08490,-150.32504,40012,232,7737
1644703676,2675,303,61.08669,-150.33070,40012,236,7737
1644703679,2600,311,61.08878,-150.33600,40012,237,7737
1644703682,2525,318,61.09125,-150.34088,40012,238,7737
1644703685,2450,324,61.09424,-150.34564,40012,238,7737
1644703688,2400,331,61.09703,-150.34898,40012,239,7737
1644703692,2325,337,61.10019,-150.35187,40012,240,7737
1644703694,2250,343,61.10335,-150.35399,40012,240,7737
1644703697,2175,349,61.10651,-150.35533,40012,241,7737
1644703701,2125,354,61.10996,-150.35625,40012,240,7737
1644703703,2100,356,61.11232,-150.35654,40012,238,7737
1644703707,2050,359,61.11676,-150.35673,40012,235,7737
1644703709,2025,359,61.11964,-150.35673,40012,232,7737
1644703713,2000,359,61.12299,-150.35675,40012,229,7737
1644703716,1975,359,61.12620,-150.35664,40012,225,7737
1644703719,1950,1,61.12894,-150.35654,40012,222,7737
1644703721,1900,3,61.13191,-150.35634,40012,215,7737
1644703725,1850,7,61.13477,-150.35564,3076,210,7737
1644703728,1775,13,61.13786,-150.35437,3076,207,7737
1644703731,1725,19,61.14056,-150.35251,3076,205,7737
1644703734,1675,26,61.14320,-150.34984,3076,201,7737
1644703737,1625,33,61.14551,-150.34682,3076,198,7737
1644703739,1575,40,61.14743,-150.34349,3076,195,7737
1644703743,1525,48,61.14958,-150.33894,3076,190,7737
1644703745,1525,50,61.15077,-150.33603,3076,186,7737
1644703749,1500,52,61.15260,-150.33122,42710,182,7737
1644703751,1500,53,61.15400,-150.32726,42710,177,7737
1644703755,1525,54,61.15544,-150.32329,42710,172,7737
1644703758,1525,54,61.15695,-150.31897,42710,169,7737
1644703761,1525,54,61.15833,-150.31505,42710,167,7737
1644703764,1525,53,61.15965,-150.31122,42710,166,7737
1644703767,1525,53,61.16112,-150.30710,42710,166,7737
1644703770,1525,53,61.16240,-150.30356,42710,165,7737
1644703773,1525,54,61.16387,-150.29927,42710,164,7737
1644703776,1525,57,61.16519,-150.29512,42710,163,7737
1644703779,1525,62,61.16629,-150.29094,42710,163,7737
1644703782,1525,70,61.16694,-150.28706,42710,162,7737
1644703785,1525,78,61.16740,-150.28249,42710,160,7737
1644703788,1525,87,61.16759,-150.27751,42710,157,7737
1644703791,1525,90,61.16762,-150.27286,42710,157,7737
1644703795,1525,92,61.16754,-150.26814,3076,156,7737
1644703797,1525,93,61.16745,-150.26459,3076,154,7737
1644703800,1500,93,61.16730,-150.25952,3076,153,7737
1644703803,1500,92,61.16721,-150.25520,3076,152,7737
1644703807,1500,91,61.16713,-150.25024,3076,153,7737
1644703810,1500,90,61.16713,-150.24638,3076,156,7737
1644703813,1500,88,61.16716,-150.24107,3076,159,7737
1644703819,1525,87,61.16734,-150.23186,3076,161,7737
1644703825,1500,88,61.16743,-150.22273,3076,161,7737
1644703828,1500,88,61.16748,-150.21812,3076,160,7737
1644703834,1500,90,61.16753,-150.20851,3076,161,7737
1644703840,1500,90,61.16753,-150.19939,3076,160,7737
1644703846,1500,90,61.16750,-150.18982,3076,161,7737
1644703852,1425,89,61.16753,-150.18045,3076,162,7737
1644703858,1350,89,61.16759,-150.17110,3076,158,7737
1644703864,1275,89,61.16762,-150.16211,3076,153,7737
1644703871,1175,90,61.16764,-150.15370,3076,149,7737
1644703876,1100,90,61.16759,-150.14506,3076,146,7737
1644703883,1000,90,61.16759,-150.13631,3076,143,7737
1644703889,900,90,61.16757,-150.12877,3076,139,7737
1644703895,825,90,61.16757,-150.12062,3076,134,7737
1644703901,750,89,61.16762,-150.11278,3076,131,7737
1644703907,700,89,61.16766,-150.10503,3076,131,7737
1644703913,625,88,61.16771,-150.09727,3076,131,7737
1644703919,550,89,61.16780,-150.08992,3076,131,7737
1644703925,475,90,61.16780,-150.08226,3076,130,7737
1644703931,400,90,61.16775,-150.07501,3076,130,7737
1644703938,325,90,61.16771,-150.06697,3076,129,7737
1644703944,250,89,61.16773,-150.05951,3076,130,7737
1644703950,175,89,61.16775,-150.05205,3076,130,7737
1644703956,100,90,61.16780,-150.04480,3076,129,7737
1644703962,25,89,61.16782,-150.03693,3076,129,7737
1644703968,25,90,61.16780,-150.02998,3076,118,7737
1644703974,0,90,61.16780,-150.02412,3076,96,7737
1644703980,0,90,61.16783,-150.01923,3076,70,7737
1644703986,0,90,61.16783,-150.01564,3076,50,7737
1644703992,0,90,61.16783,-150.01291,3076,46,7737
1644703997,0,90,61.16785,-150.01073,3076,46,7737
1644704003,0,90,61.16783,-150.00797,3076,45,7737
1644704010,0,90,61.16785,-150.00526,3076,45,7737
1644704016,0,90,61.16785,-150.00259,3076,44,7737
1644704021,0,90,61.16785,-150.00035,3076,36,7737
1644704025,0,84,61.16787,-149.99911,3076,30,7737
1644704027,0,81,61.16790,-149.99876,3076,30,7737
1644704028,0,81,61.16793,-149.99852,3076,30,7737
1644704029,0,78,61.16795,-149.99824,3076,30,7737
1644704030,0,78,61.16799,-149.99791,3076,28,7737
1644704032,0,73,61.16809,-149.99722,3076,27,7737
1644704034,0,73,61.16813,-149.99695,3076,26,7737
1644704035,0,70,61.16818,-149.99670,3076,25,7737
1644704036,0,70,61.16822,-149.99649,3076,24,7737
1644704037,0,67,61.16827,-149.99626,3076,24,7737
1644704038,0,64,61.16832,-149.99605,3076,23,7737
1644704040,0,61,61.16842,-149.99568,3076,23,7737
1644704042,0,59,61.16853,-149.99524,3076,20,7737
1644704044,0,59,61.16862,-149.99493,3076,18,7737
1644704046,0,56,61.16872,-149.99468,3076,15,7737
1644704049,0,56,61.16882,-149.99435,3076,12,7737
1644704052,0,47,61.16893,-149.99412,3076,12,7737
1644704056,0,25,61.16914,-149.99397,3076,11,7737
1644704061,0,357,61.16937,-149.99408,3076,10,7737
1644704066,0,348,61.16960,-149.99419,3076,10,7737
1644704071,0,345,61.16984,-149.99432,3076,11,7737
1644704075,0,345,61.17004,-149.99443,3076,11,7737
1644704081,0,345,61.17038,-149.99463,42710,13,7737
1644704087,0,343,61.17068,-149.99480,42710,10,7737
1644704106,0,345,61.17089,-149.99489,3076,1,7737
1644704116,0,345,61.17111,-149.99501,3076,7,7737
1644704123,0,345,61.17137,-149.99513,3076,10,7737
1644704130,0,345,61.17177,-149.99536,3076,14,7737
1644704135,0,345,61.17211,-149.99553,3076,15,7737
1644704141,0,345,61.17244,-149.99570,3076,13,7737
1644704148,0,345,61.17287,-149.99596,3076,14,7737
1644704154,0,345,61.17327,-149.99617,3076,15,7737
1644704160,0,345,61.17372,-149.99638,3076,17,7737
1644704166,0,345,61.17420,-149.99667,3076,15,7737
1644704172,0,343,61.17452,-149.99686,3076,11,7737
1644704178,0,343,61.17485,-149.99703,3076,13,7737
1644704184,0,345,61.17522,-149.99722,3076,15,7737
1644704189,0,345,61.17561,-149.99744,3076,16,7737
1644704195,0,345,61.17613,-149.99774,3076,18,7737
1644704202,0,345,61.17669,-149.99803,3076,20,7737
1644704208,0,345,61.17730,-149.99837,3076,22,7737
1644704214,0,345,61.17790,-149.99870,3076,21,7737
1644704220,0,343,61.17833,-149.99893,3076,13,7737
1644704226,0,345,61.17862,-149.99911,3076,11,7737
1644704232,0,343,61.17896,-149.99930,3076,13,7737
1644704238,0,343,61.17934,-149.99953,3076,15,7737
1644704243,0,343,61.17968,-149.99973,3076,16,7737
1644704249,0,345,61.18014,-149.99999,3076,17,7737
1644704255,0,343,61.18066,-150.00027,3076,18,7737
1644704262,0,343,61.18119,-150.00061,3076,19,7737
1644704267,0,343,61.18169,-150.00093,3076,20,7737
1644704274,0,345,61.18232,-150.00130,3076,20,7737
1644704280,0,345,61.18283,-150.00156,3076,16,7737
1644704286,0,343,61.18322,-150.00179,3076,12,7737
1644704292,0,345,61.18343,-150.00191,3076,5,7737
1644704365,0,345,61.18364,-150.00203,42710,4,7737
1644704374,0,345,61.18385,-150.00214,42710,6,7737
1644704381,0,343,61.18409,-150.00227,42710,8,7737
1644704388,0,343,61.18433,-150.00241,42710,9,7737
1644704394,0,343,61.18462,-150.00256,42710,11,7737
1644704399,0,343,61.18491,-150.00273,42710,12,7737
1644704406,0,345,61.18528,-150.00295,42710,14,7737
1644704412,0,343,61.18570,-150.00320,42710,15,7737
1644704418,0,345,61.18612,-150.00343,42710,16,7737
1644704424,0,343,61.18654,-150.00366,42710,17,7737
1644704429,0,345,61.18700,-150.00394,42710,18,7737
1644704436,0,345,61.18758,-150.00424,42710,19,7737
1644704442,0,345,61.18811,-150.00455,42710,20,7737
1644704449,0,345,61.18872,-150.00491,42710,21,7737
1644704454,0,345,61.18929,-150.00522,42710,21,7737
1644704461,0,345,61.18981,-150.00551,42710,14,7737
1644704467,0,345,61.19012,-150.00568,42710,10,7737
1644704473,0,345,61.19041,-150.00583,42710,11,7737
1644704479,0,343,61.19072,-150.00600,42710,12,7737
1644704485,0,345,61.19109,-150.00623,42710,13,7737
1644704491,0,345,61.19147,-150.00644,42710,14,7737
1644704497,0,345,61.19181,-150.00661,42710,15,7737
1644704503,0,345,61.19228,-150.00688,42710,15,7737
1644704510,0,345,61.19272,-150.00713,42710,16,7737
1644704516,0,345,61.19316,-150.00740,42710,15,7737
1644704522,0,343,61.19357,-150.00761,42710,15,7737
1644704529,0,345,61.19407,-150.00789,42710,13,7737
1644704534,0,345,61.19432,-150.00804,42710,12,7737
1644704540,0,345,61.19464,-150.00821,42710,11,7737
1644704546,0,345,61.19494,-150.00836,42710,11,7737
1644704553,0,343,61.19521,-150.00850,42710,7,7737
1644704559,0,348,61.19541,-150.00861,42710,7,7737
1644704569,0,25,61.19562,-150.00836,42710,4,7737
1644704575,0,56,61.19561,-150.00813,41406,4,7737
1644704582,0,73,61.19561,-150.00786,41406,5,7737
1644704588,0,73,61.19563,-150.00764,41406,4,7737
1644704593,0,75,61.19566,-150.00737,41406,6,7737
1644704598,0,75,61.19569,-150.00714,41406,5,7737
1644704604,0,75,61.19574,-150.00681,41406,5,7737
1644704616,0,25,61.19594,-150.00671,41406,5,7737
1644704624,0,348,61.19608,-150.00696,41406,4,7737
1644704634,0,334,61.19627,-150.00720,41406,4,7737
1644704648,0,329,61.19643,-150.00742,41406,2,7737
1644704673,0,329,61.19661,-150.00763,41406,1,7737
